0.574739 0.999997 1.000000 1.000000 1.000000 1.000000 0.976559 0.000000 0.000000 0.000000
0.147573 0.996076 1.000000 1.000000 1.000000 1.000000 0.990504 0.000000 0.000000 0.000000
0.001027 0.067976 0.907802 0.999071 0.999983 0.999997 0.965548 0.000000 0.000000 0.000000
0.000336 0.000365 0.007553 0.627448 0.986817 0.997540 0.000689 0.000000 0.000000 0.000000
0.000335 0.000336 0.000399 0.023688 0.569478 0.001812 0.000000 0.000000 0.000000 0.000000
0.000335 0.000335 0.000340 0.001184 0.000040 0.000000 0.000000 0.000000 0.000000 0.000000
0.000335 0.000335 0.000325 0.000061 0.000000 0.000000 0.000000 0.000000 0.000000 0.000000
0.000360 0.000105 0.000000 0.000000 0.000000 0.000000 0.000000 0.000000 0.000000 0.000000
0.000000 0.000000 0.000000 0.000000 0.000000 0.000000 0.000000 0.000000 0.000000 0.000000
0.000000 0.000000 0.000000 0.000000 0.000000 0.000000 0.000000 0.000000 0.000000 0.000000
