0.012975 0.000339 0.000335 0.000335 0.000335 0.000336 0.000428 0.000000 0.000000 0.000000
0.123875 0.000476 0.000336 0.000336 0.000336 0.000336 0.000198 0.000000 0.000000 0.000000
0.958779 0.243391 0.001769 0.000398 0.000343 0.000339 0.000183 0.000000 0.000000 0.000000
1.000000 0.999779 0.682520 0.010011 0.000635 0.000361 0.114819 0.000000 0.000000 0.000000
1.000000 1.000000 0.999053 0.449832 0.013111 0.000000 0.000000 0.000000 0.000000 0.000000
1.000000 1.000000 0.999993 0.706265 0.002122 0.000000 0.000000 0.000000 0.000000 0.000000
1.000000 1.000000 0.996631 0.000000 0.000000 0.000000 0.000000 0.000000 0.000000 0.000000
0.998817 0.958104 0.000000 0.000000 0.000000 0.000000 0.000000 0.000000 0.000000 0.000000
0.000000 0.000000 0.000000 0.000000 0.000000 0.000000 0.000000 0.000000 0.000000 0.000000
0.000000 0.000000 0.000000 0.000000 0.000000 0.000000 0.000000 0.000000 0.000000 0.000000
