0.165282 0.152116 0.178448 0.159628 0.209814
0.147747 0.115155 0.180340 0.137307 0.252062
0.142931 0.108919 0.176942 0.133474 0.249389
0.136340 0.102262 0.170419 0.125914 0.244593
0.129949 0.095958 0.163939 0.118540 0.239604
0.124593 0.090321 0.158865 0.113416 0.234614
0.123439 0.086145 0.160732 0.119407 0.229608
0.122991 0.083030 0.162952 0.125972 0.224584
0.122588 0.080262 0.164913 0.132133 0.219546
0.122215 0.077808 0.166623 0.137898 0.214498
0.058870 0.065656 0.052084 0.072510 0.018042
0.066405 0.072199 0.060611 0.073908 0.038451
0.057707 0.068993 0.046421 0.051190 0.038472
0.050949 0.066773 0.035125 0.034493 0.036178
0.046843 0.064922 0.028763 0.025679 0.033904
0.047944 0.063607 0.032281 0.032593 0.031761
0.049954 0.062362 0.037547 0.042234 0.029735
0.054339 0.061175 0.047503 0.059319 0.027811
0.058995 0.060037 0.057953 0.077135 0.025984
0.063589 0.058942 0.068236 0.094627 0.024251
0.051960 0.050799 0.053122 0.057164 0.046386
0.050401 0.045022 0.055780 0.073150 0.026829
0.042773 0.045200 0.040346 0.051943 0.021016
0.035618 0.044131 0.027105 0.031553 0.019693
0.030668 0.043105 0.018231 0.017876 0.018824
0.029285 0.042086 0.016484 0.015497 0.018128
0.034427 0.041069 0.027785 0.033898 0.017596
0.040083 0.040058 0.040108 0.053845 0.017214
0.045593 0.039058 0.052128 0.073227 0.016963
0.050964 0.038071 0.063856 0.092075 0.016826
0.050672 0.067147 0.034196 0.030883 0.039718
0.065716 0.057826 0.073606 0.081653 0.060195
0.058963 0.057714 0.060212 0.065321 0.051696
0.046627 0.055657 0.037596 0.043569 0.027639
0.035494 0.053948 0.017041 0.023973 0.005487
0.031835 0.052310 0.011359 0.009515 0.014432
0.037918 0.050728 0.025107 0.020893 0.032130
0.044803 0.049196 0.040410 0.035936 0.047867
0.052246 0.047710 0.056783 0.053699 0.061923
0.059238 0.046268 0.072208 0.070783 0.074582
0.020757 0.018773 0.022741 0.012808 0.039298
0.049235 0.021584 0.076886 0.073878 0.081898
0.042449 0.021170 0.063727 0.059188 0.071291
0.030607 0.020420 0.040794 0.036612 0.047763
0.019083 0.019588 0.018578 0.014626 0.025165
0.013997 0.018951 0.009043 0.011670 0.004666
0.020165 0.018524 0.021806 0.025904 0.014975
0.029156 0.018288 0.040024 0.044498 0.032569
0.037655 0.018211 0.057100 0.062118 0.048736
0.045724 0.018262 0.073186 0.078889 0.063682
0.024752 0.042979 0.006526 0.004288 0.010256
0.048167 0.042899 0.053434 0.069225 0.027116
0.043813 0.039510 0.048117 0.053970 0.038362
0.036248 0.038716 0.033781 0.033138 0.034852
0.033988 0.037873 0.030102 0.029521 0.031072
0.032868 0.037070 0.028666 0.029238 0.027714
0.034847 0.036285 0.033409 0.038500 0.024924
0.039365 0.035514 0.043215 0.055554 0.022651
0.044241 0.034758 0.053724 0.073461 0.020830
0.049042 0.034020 0.064065 0.090859 0.019409
0.026799 0.038566 0.015033 0.009545 0.024178
0.053758 0.030947 0.076569 0.083572 0.064897
0.050314 0.032847 0.067780 0.071745 0.061173
0.038635 0.031358 0.045913 0.050110 0.038918
0.027496 0.029967 0.025024 0.028584 0.019092
0.023234 0.028859 0.017610 0.015146 0.021716
0.025732 0.028084 0.023380 0.018495 0.031521
0.030717 0.027621 0.033814 0.029784 0.040530
0.037812 0.027433 0.048191 0.047218 0.049811
0.045292 0.027476 0.063107 0.063818 0.061923
0.022318 0.025354 0.019283 0.017434 0.022364
0.045538 0.020120 0.070956 0.072565 0.068274
0.042757 0.022225 0.063289 0.062422 0.064734
0.031130 0.021225 0.041035 0.040190 0.042442
0.020134 0.020211 0.020057 0.018954 0.021896
0.019590 0.019556 0.019625 0.020429 0.018284
0.022782 0.019206 0.026359 0.029168 0.021678
0.028536 0.019232 0.037841 0.040662 0.033139
0.036035 0.019556 0.052514 0.056073 0.046583
0.043379 0.020130 0.066629 0.071587 0.058366
0.018693 0.025850 0.011537 0.010706 0.012922
0.039163 0.033287 0.045039 0.069674 0.003981
0.036102 0.030706 0.041497 0.057201 0.015325
0.031528 0.029790 0.033266 0.043457 0.016280
0.029752 0.029110 0.030394 0.039367 0.015439
0.029993 0.028890 0.031096 0.041082 0.014454
0.030449 0.028640 0.032257 0.043341 0.013785
0.033207 0.028339 0.038075 0.052836 0.013473
0.036864 0.027993 0.045734 0.065087 0.013480
0.040936 0.027608 0.054263 0.078566 0.013758
0.032058 0.046321 0.017796 0.021822 0.011085
0.044293 0.043308 0.045277 0.067658 0.007976
0.042357 0.045447 0.039267 0.056760 0.010113
0.034552 0.043363 0.025741 0.034693 0.010822
0.028637 0.041367 0.015907 0.019738 0.009524
0.025970 0.039598 0.012341 0.014815 0.008219
0.029546 0.038074 0.021019 0.028487 0.008572
0.034826 0.036759 0.032893 0.047328 0.008835
0.039863 0.035623 0.044102 0.065146 0.009030
0.044668 0.034645 0.054692 0.082009 0.009162
0.017590 0.024268 0.010911 0.008245 0.015356
0.036580 0.028300 0.044861 0.069673 0.003507
0.033188 0.024655 0.041721 0.057289 0.015774
0.026230 0.024333 0.028128 0.034576 0.017381
0.022859 0.024267 0.021451 0.024457 0.016441
0.024438 0.024168 0.024707 0.030363 0.015281
0.027839 0.023974 0.031705 0.042024 0.014506
0.031209 0.023683 0.038735 0.053462 0.014190
0.036043 0.023307 0.048779 0.069473 0.014290
0.041436 0.022855 0.060016 0.087175 0.014752
0.018507 0.025981 0.011034 0.006564 0.018483
0.034445 0.018528 0.050362 0.068568 0.020019
0.027820 0.018342 0.037298 0.058102 0.002624
0.021019 0.018295 0.023743 0.037033 0.001592
0.015799 0.018096 0.013502 0.020963 0.001066
0.014753 0.017817 0.011690 0.018361 0.000570
0.017571 0.017648 0.017494 0.027609 0.000635
0.022215 0.017597 0.026833 0.042278 0.001090
0.027622 0.017641 0.037604 0.059378 0.001313
0.032764 0.017775 0.047754 0.075466 0.001566
