0.398717 0.000098 0.000000 0.000000 0.000000 0.000000 0.000000 0.000000 0.000000 0.000000
0.999272 0.631797 0.000000 0.000000 0.000000 0.000000 0.000000 0.000000 0.000000 0.000000
1.000000 0.997253 0.021051 0.000000 0.000000 0.000000 0.000000 0.000000 0.000000 0.000000
0.999722 0.961705 0.017441 0.000000 0.000000 0.000000 0.000000 0.000000 0.000000 0.000000
0.013966 0.000000 0.000000 0.000000 0.000000 0.000000 0.000000 0.000000 0.000000 0.000000
0.000000 0.000000 0.000000 0.000000 0.000000 0.000000 0.000000 0.000000 0.000000 0.000000
0.000000 0.000000 0.000000 0.000000 0.000000 0.000000 0.000000 0.000000 0.000000 0.000000
0.000000 0.000000 0.000000 0.000000 0.000000 0.000000 0.000000 0.000000 0.000000 0.000000
0.000000 0.000000 0.000000 0.000000 0.000000 0.000000 0.000000 0.000000 0.000000 0.000000
0.000000 0.000000 0.000000 0.000000 0.000000 0.000000 0.000000 0.000000 0.000000 0.000000
