0.000000 0.000000 0.000000 0.000000 0.000000 0.000000 0.000000 0.000000 0.000000 0.000000
0.000000 0.000000 0.000000 0.000000 0.000000 0.000000 0.000000 0.000000 0.000000 0.000000
0.000000 0.000000 0.000000 0.000000 0.000000 0.000000 0.000000 0.000000 0.000000 0.000000
0.000000 0.000000 0.000000 0.000000 0.000000 0.000000 0.000000 0.000000 0.000000 0.000000
0.000000 0.000000 0.000000 0.000076 0.000032 0.000000 0.000000 0.000000 0.000000 0.000000
0.000036 0.075489 0.708785 0.875043 0.538453 0.002531 0.000000 0.000000 0.000000 0.000000
0.896647 0.996973 0.999957 0.999856 0.979388 0.162946 0.000000 0.000000 0.000000 0.000000
0.999254 0.999998 1.000000 0.999999 0.985567 0.000080 0.000000 0.000000 0.000000 0.000000
0.997702 0.999984 0.999998 0.999542 0.505775 0.000000 0.000000 0.000000 0.000000 0.000000
0.381663 0.895333 0.906368 0.215236 0.000000 0.000000 0.000000 0.000000 0.000000 0.000000
