0.000000 0.000000 0.000000 0.000000 0.000000 0.000000 0.142654 0.999499 1.000000 0.999923
0.000000 0.000000 0.000000 0.000000 0.000000 0.000000 0.164996 0.996925 0.999996 0.996802
0.000000 0.000000 0.000000 0.000000 0.000000 0.000000 0.336049 0.985903 0.994728 0.516412
0.000000 0.000000 0.000000 0.000000 0.000000 0.000015 0.224487 0.769208 0.244351 0.000000
0.000000 0.000000 0.000000 0.000000 0.000000 0.000000 0.000082 0.001268 0.000000 0.000000
0.000000 0.000000 0.000000 0.000000 0.000000 0.000000 0.000000 0.000000 0.000000 0.000000
0.000000 0.000000 0.000000 0.000000 0.000000 0.000000 0.000000 0.000000 0.000000 0.000000
0.000000 0.000000 0.000000 0.000000 0.000000 0.000000 0.000000 0.000000 0.000000 0.000000
0.000000 0.000000 0.000000 0.000000 0.000000 0.000000 0.000000 0.000000 0.000000 0.000000
0.000000 0.000000 0.000000 0.000000 0.000000 0.000000 0.000000 0.000000 0.000000 0.000000
