0.000000 0.000000 0.000000 0.000000 0.000000 0.000000 0.000000 0.000000 0.000000 0.000000
0.000000 0.000000 0.000000 0.000000 0.000000 0.000000 0.000000 0.000000 0.000000 0.000000
0.000000 0.000000 0.000000 0.000000 0.000000 0.000000 0.000000 0.000000 0.000000 0.000000
0.000000 0.000000 0.000000 0.000000 0.000000 0.000000 0.000000 0.000000 0.000000 0.000000
0.000000 0.000000 0.000000 0.000000 0.000000 0.000000 0.000000 0.000000 0.000000 0.000000
0.000000 0.000000 0.000000 0.000000 0.000000 0.000000 0.000000 0.000000 0.000000 0.000000
0.000000 0.000000 0.000000 0.000001 0.000176 0.000000 0.000000 0.000000 0.000000 0.000000
0.000000 0.000000 0.000000 0.027517 0.276200 0.007985 0.000000 0.000000 0.000000 0.000000
0.000000 0.000000 0.000001 0.632884 0.948555 0.582585 0.000324 0.000000 0.000000 0.000000
0.000000 0.000000 0.011696 0.948306 0.999881 0.927609 0.067467 0.000000 0.000000 0.000000
