0.989100 0.838572 0.018829 0.000000 0.000000 0.000000 0.000000 0.000000 0.000000 0.000000
0.999978 0.965006 0.110549 0.000000 0.000000 0.000000 0.000000 0.000000 0.000000 0.000000
0.931298 0.818085 0.109647 0.000000 0.000000 0.000000 0.000000 0.000000 0.000000 0.000000
0.000280 0.001819 0.007148 0.000000 0.000000 0.000000 0.000000 0.000000 0.000000 0.000000
0.000000 0.000000 0.000000 0.000000 0.000000 0.000000 0.000000 0.000000 0.000000 0.000000
0.000000 0.000000 0.000000 0.000000 0.000000 0.000000 0.000000 0.000000 0.000000 0.000000
0.000000 0.000000 0.000000 0.000000 0.000000 0.000000 0.000000 0.000000 0.000000 0.000000
0.000000 0.000000 0.000000 0.000000 0.000000 0.000000 0.000000 0.000000 0.000000 0.000000
0.000000 0.000000 0.000000 0.000000 0.000000 0.000000 0.000000 0.000000 0.000000 0.000000
0.000000 0.000000 0.000000 0.000000 0.000000 0.000000 0.000000 0.000000 0.000000 0.000000
