0.000000 0.000000 0.000000 0.000000 0.000000 0.000000 0.000000 0.000000 0.000000 0.000000
0.000000 0.000000 0.000000 0.000000 0.000000 0.000000 0.000000 0.000000 0.000000 0.000000
0.000000 0.000000 0.000000 0.000000 0.000000 0.000000 0.000000 0.000000 0.000000 0.000000
0.000000 0.000000 0.000000 0.000000 0.000000 0.000000 0.000000 0.000000 0.000000 0.000000
0.000000 0.000000 0.000000 0.000000 0.000000 0.000000 0.000000 0.000003 0.000037 0.000010
0.000000 0.000000 0.000000 0.000000 0.000000 0.000000 0.000000 0.025233 0.611727 0.892140
0.000000 0.000000 0.000000 0.000000 0.000000 0.000000 0.000000 0.021075 0.889148 0.999904
0.000000 0.000000 0.000000 0.000000 0.000000 0.000000 0.000000 0.000029 0.434728 0.927762
0.000000 0.000000 0.000000 0.000000 0.000000 0.000000 0.000000 0.000000 0.001601 0.181904
0.000000 0.000000 0.000000 0.000000 0.000000 0.000000 0.000000 0.000000 0.000000 0.000261
