0.239473
0.246440
0.247486
0.248103
0.248691
0.249280
0.249869
0.250453
0.251029
0.252717
0.038281
0.044500
0.035513
0.030741
0.026137
0.027201
0.029771
0.034640
0.042456
0.050661
0.029706
0.040824
0.036077
0.029673
0.027517
0.031367
0.036280
0.041322
0.046711
0.052039
0.038473
0.049115
0.042774
0.032607
0.022742
0.016306
0.020019
0.024735
0.030017
0.034909
0.027851
0.031549
0.026666
0.020307
0.018234
0.022080
0.028123
0.034037
0.039825
0.045639
0.034381
0.047452
0.039072
0.034521
0.033132
0.033422
0.033751
0.034670
0.039713
0.044875
0.035322
0.047371
0.044126
0.034934
0.026995
0.023316
0.025976
0.033053
0.039496
0.045380
0.020385
0.041395
0.039217
0.030167
0.020653
0.016605
0.020837
0.027367
0.033810
0.039765
0.015316
0.034165
0.029579
0.023011
0.018613
0.018912
0.022326
0.026230
0.031223
0.035992
0.022873
0.042889
0.044541
0.035795
0.025905
0.020420
0.022765
0.030680
0.038609
0.045963
0.024777
0.038873
0.042135
0.034881
0.025686
0.021768
0.024046
0.031509
0.039145
0.045772
0.014374
0.029413
0.029957
0.025625
0.018885
0.012033
0.013541
0.018968
0.024206
0.028909
0.020845
0.031510
0.035771
0.030791
0.023027
0.019154
0.025792
0.033386
0.040067
0.045618
0.016297
0.025353
0.030376
0.027588
0.020742
0.013466
0.015716
0.020183
0.025618
0.030502
0.026074
0.038969
0.044677
0.041381
0.036163
0.033945
0.035058
0.038320
0.041404
0.044358
0.020240
0.020656
0.023627
0.022618
0.020886
0.020082
0.020716
0.024538
0.028196
0.032073
0.027480
0.019738
0.022505
0.023396
0.022988
0.022339
0.022386
0.024752
0.027850
0.032067
0.019384
0.016740
0.020146
0.020642
0.018689
0.015094
0.012645
0.014012
0.016942
0.020542
0.022145
0.020816
0.023116
0.022975
0.021203
0.018471
0.017742
0.018434
0.019412
0.020373
0.021413
0.014793
0.017086
0.017820
0.017829
0.017465
0.017080
0.017739
0.018647
0.019618
0.036410
0.033787
0.033359
0.032655
0.031798
0.030891
0.031125
0.031579
0.031678
0.031573
0.025430
0.021196
0.022551
0.023256
0.023450
0.023529
0.023642
0.023668
0.024483
0.025923
0.012543
0.013535
0.015988
0.015816
0.014211
0.011825
0.009468
0.009781
0.010780
0.011607
0.016487
0.013237
0.014374
0.015513
0.017324
0.019188
0.020954
0.022545
0.024002
0.025530
0.020311
0.020314
0.022253
0.022097
0.020997
0.019800
0.018449
0.018373
0.019570
0.020810
0.027881
0.026406
0.024929
0.024025
0.023606
0.023165
0.023016
0.022853
0.022393
0.021838
0.018177
0.015941
0.016152
0.015938
0.016180
0.016968
0.017523
0.017316
0.017957
0.020755
0.017223
0.015439
0.015572
0.016066
0.017048
0.018429
0.019815
0.021276
0.023906
0.027663
0.013095
0.014823
0.016596
0.017416
0.017308
0.016614
0.015722
0.014666
0.013193
0.012808
0.014068
0.013483
0.014502
0.013522
0.011288
0.009115
0.009902
0.011539
0.013160
0.014345
0.015763
0.015516
0.016055
0.017087
0.018780
0.020978
0.022229
0.022094
0.020929
0.020721
0.015099
0.017976
0.017979
0.016672
0.016660
0.017494
0.018290
0.019069
0.019844
0.020938
0.019195
0.019153
0.019499
0.019945
0.021114
0.023240
0.024768
0.025239
0.024499
0.023017
0.027129
0.027738
0.027098
0.026399
0.026106
0.025771
0.025448
0.025146
0.024820
0.024435
0.025971
0.027481
0.027818
0.027314
0.026810
0.026130
0.025181
0.024478
0.024067
0.023444
0.011773
0.015033
0.014708
0.014584
0.015167
0.016259
0.017297
0.018654
0.019576
0.020033
0.011271
0.011927
0.011839
0.011249
0.012826
0.014471
0.015980
0.017330
0.019602
0.023410
0.021126
0.018138
0.019556
0.022379
0.027099
0.031679
0.035413
0.037577
0.037385
0.034172
0.016154
0.017883
0.018358
0.017399
0.016685
0.018075
0.020359
0.022200
0.023208
0.023230
0.020716
0.020702
0.020337
0.019404
0.018270
0.017193
0.016820
0.016818
0.017232
0.018510
0.021506
0.019244
0.019443
0.018589
0.018876
0.019810
0.020356
0.020497
0.020654
0.020941
0.020437
0.021736
0.021832
0.022872
0.023399
0.025021
0.027682
0.030149
0.032307
0.034058
0.027791
0.026216
0.026080
0.025658
0.025916
0.026719
0.027099
0.026845
0.026780
0.027124
0.026036
0.026060
0.025592
0.025152
0.024803
0.024453
0.024378
0.024221
0.023574
0.022945
0.013839
0.015301
0.014839
0.016766
0.019731
0.023323
0.026497
0.029172
0.030724
0.030651
0.023066
0.026547
0.027093
0.025888
0.024568
0.022918
0.021567
0.021817
0.022150
0.022642
0.017925
0.018626
0.018707
0.017960
0.020874
0.024489
0.027917
0.030030
0.030078
0.028680
0.027785
0.027580
0.026499
0.025843
0.025720
0.025536
0.025253
0.024832
0.024173
0.023170
0.011536
0.011199
0.010853
0.009672
0.010318
0.013216
0.015844
0.017557
0.018008
0.017343
0.022208
0.018089
0.017680
0.018000
0.019275
0.020345
0.020420
0.019943
0.019526
0.019886
