0.248122
0.254610
0.252324
0.250774
0.249048
0.247119
0.244973
0.243966
0.243595
0.242821
0.046435
0.040229
0.033364
0.027787
0.026356
0.027183
0.031988
0.036875
0.041525
0.045967
0.061045
0.061432
0.052897
0.044844
0.043261
0.045324
0.049052
0.052726
0.057376
0.061931
0.046802
0.040874
0.032989
0.030135
0.029539
0.031352
0.038910
0.047638
0.056103
0.064317
0.042127
0.040011
0.030787
0.023615
0.019920
0.021202
0.025327
0.030762
0.036158
0.042873
0.057672
0.051207
0.045335
0.040490
0.039453
0.042103
0.044695
0.047231
0.050084
0.054166
0.047939
0.039456
0.032065
0.024532
0.017233
0.018255
0.024313
0.030179
0.035861
0.041373
0.047061
0.046992
0.039193
0.033378
0.031569
0.034440
0.037252
0.040420
0.045297
0.050446
0.054066
0.058777
0.049370
0.040472
0.037656
0.038741
0.041851
0.047177
0.053528
0.060145
0.040196
0.047049
0.039056
0.029509
0.022585
0.021667
0.025892
0.030081
0.034969
0.041422
0.043945
0.042506
0.036714
0.029911
0.028406
0.030369
0.035033
0.039744
0.044319
0.048774
0.044813
0.039524
0.034746
0.027571
0.020465
0.017653
0.022369
0.027761
0.032943
0.038002
0.040585
0.038915
0.034585
0.028436
0.027771
0.030556
0.033443
0.036909
0.040732
0.046128
0.044561
0.056970
0.050303
0.040480
0.030802
0.025538
0.027878
0.033489
0.038698
0.043528
0.061321
0.063032
0.058859
0.050297
0.042723
0.040091
0.044404
0.048579
0.052548
0.056314
0.041458
0.040088
0.037382
0.031785
0.029703
0.029663
0.030113
0.033527
0.036871
0.040652
0.042686
0.042451
0.038877
0.031465
0.027528
0.027663
0.027772
0.030055
0.034118
0.038422
0.043650
0.063766
0.058361
0.050184
0.044317
0.043499
0.045905
0.049599
0.055584
0.060927
0.044313
0.061928
0.056370
0.047266
0.041356
0.042187
0.046043
0.049427
0.054253
0.059436
0.039510
0.057804
0.051393
0.042638
0.040107
0.041806
0.045084
0.048861
0.052468
0.055923
0.053412
0.072310
0.065510
0.056166
0.050426
0.051985
0.055505
0.058828
0.062366
0.066015
0.038505
0.052212
0.047304
0.039151
0.032628
0.034616
0.038638
0.042462
0.046109
0.049598
0.032047
0.042272
0.036518
0.027924
0.020082
0.021555
0.026004
0.030544
0.035086
0.039208
0.044092
0.061822
0.057739
0.048799
0.044047
0.045482
0.049268
0.052471
0.056738
0.061282
0.030137
0.041390
0.037016
0.028113
0.021975
0.023817
0.026880
0.029962
0.034109
0.039077
0.040353
0.057593
0.052645
0.043925
0.038918
0.040426
0.043471
0.046969
0.050683
0.054243
0.023851
0.046498
0.043352
0.032420
0.022753
0.019058
0.027037
0.035472
0.042972
0.049722
0.030945
0.047906
0.042244
0.034662
0.027608
0.029935
0.034036
0.037837
0.041377
0.044699
0.020832
0.040047
0.036457
0.027902
0.021678
0.024434
0.027556
0.030744
0.034667
0.039033
0.018596
0.044724
0.041154
0.031157
0.020760
0.019600
0.025406
0.031704
0.038303
0.043816
0.021032
0.050126
0.047611
0.037076
0.025230
0.022316
0.025631
0.032249
0.037820
0.042980
0.027146
0.036953
0.034282
0.027523
0.023915
0.024055
0.024913
0.028348
0.032266
0.036297
0.026349
0.053093
0.050911
0.038929
0.025537
0.023322
0.027767
0.036049
0.042995
0.048906
0.028026
0.059581
0.057933
0.046300
0.032880
0.027580
0.031368
0.039741
0.047018
0.053286
0.025191
0.041173
0.038518
0.031724
0.028334
0.028275
0.028348
0.030199
0.033583
0.037420
0.023556
0.034762
0.031358
0.024567
0.017899
0.016626
0.017828
0.021347
0.025164
0.028832
0.040264
0.061643
0.058511
0.049411
0.043934
0.043779
0.047625
0.052748
0.057634
0.061555
0.032603
0.049898
0.045772
0.038163
0.032687
0.031706
0.034677
0.039140
0.043409
0.047379
0.044518
0.064782
0.061337
0.052613
0.044298
0.043666
0.046290
0.049427
0.052999
0.056133
0.044235
0.064158
0.058808
0.050207
0.044277
0.042321
0.043947
0.047162
0.050039
0.053148
0.031772
0.043558
0.040356
0.032767
0.025845
0.023985
0.026294
0.029923
0.034176
0.038112
0.018416
0.045972
0.047730
0.037926
0.025331
0.020394
0.026389
0.033815
0.040633
0.046303
0.020783
0.045714
0.043230
0.033638
0.023702
0.020948
0.026255
0.032937
0.039440
0.044756
0.036525
0.052695
0.048945
0.041330
0.035799
0.034678
0.038147
0.042607
0.046457
0.049770
0.016510
0.043738
0.044313
0.033145
0.022585
0.019372
0.025291
0.033753
0.040957
0.047123
0.018812
0.038423
0.036286
0.029405
0.024970
0.024768
0.024979
0.028033
0.031537
0.035624
0.017523
0.039847
0.037396
0.029782
0.023857
0.023947
0.027111
0.030255
0.033620
0.037410
0.030328
0.045406
0.042168
0.034807
0.027326
0.022465
0.027281
0.032221
0.036493
0.040187
0.016738
0.036247
0.032290
0.025233
0.017048
0.015178
0.019451
0.024100
0.028418
0.032348
0.016267
0.031833
0.030525
0.024081
0.020246
0.020466
0.022455
0.026124
0.030155
0.034530
0.020428
0.039459
0.036165
0.029182
0.021641
0.019779
0.022646
0.026430
0.030794
0.034809
0.022875
0.041297
0.038400
0.030684
0.022048
0.016251
0.021693
0.027159
0.031894
0.035985
0.033123
0.051751
0.048569
0.040438
0.031955
0.030629
0.033157
0.037240
0.041167
0.044483
0.020091
0.041500
0.043663
0.036086
0.025804
0.022069
0.025311
0.029501
0.033136
0.036235
0.022432
0.039951
0.036751
0.028847
0.020560
0.016988
0.022488
0.027676
0.032096
0.035851
0.026579
0.038530
0.036078
0.029789
0.022723
0.020197
0.022932
0.027800
0.031825
0.035550
0.032279
0.056382
0.057657
0.046569
0.034030
0.031688
0.036039
0.043563
0.049384
0.053792
0.017244
0.034239
0.031920
0.025949
0.020184
0.018675
0.020625
0.024366
0.028658
0.032788
0.022665
0.036268
0.034106
0.027871
0.020392
0.016929
0.021738
0.026701
0.030937
0.034555
0.030717
0.051163
0.046740
0.038211
0.029225
0.025097
0.028070
0.032576
0.036947
0.040600
0.018054
0.038990
0.039446
0.031375
0.021171
0.017760
0.023883
0.030280
0.035787
0.039876
0.033415
0.060169
0.063967
0.055162
0.041689
0.035635
0.035676
0.038772
0.041761
0.043809
0.018070
0.038432
0.040116
0.031774
0.020739
0.017117
0.018681
0.023290
0.028380
0.032215
0.019256
0.032149
0.032245
0.027870
0.026473
0.026566
0.026740
0.029123
0.033151
0.037243
0.024877
0.045046
0.042370
0.036514
0.032279
0.030165
0.033254
0.036173
0.038996
0.042351
0.014789
0.037138
0.040548
0.032735
0.020838
0.014118
0.018668
0.025134
0.029955
0.034182
0.026735
0.046570
0.050959
0.043468
0.031855
0.028869
0.030972
0.036190
0.040524
0.043295
0.027501
0.040392
0.043541
0.035752
0.026115
0.021402
0.024826
0.032556
0.038481
0.042840
0.036898
0.051539
0.049972
0.044231
0.040481
0.039131
0.041498
0.045960
0.049794
0.053050
0.016327
0.036014
0.039430
0.032515
0.022285
0.019013
0.020227
0.023805
0.027131
0.029725
0.026087
0.038829
0.036760
0.030076
0.023157
0.017235
0.021124
0.026660
0.031325
0.035286
0.031060
0.048883
0.052332
0.045009
0.034050
0.031165
0.032406
0.035816
0.038592
0.040661
0.013925
0.033690
0.036715
0.029636
0.019718
0.013871
0.020033
0.026731
0.032136
0.036423
0.031903
0.054569
0.059945
0.052609
0.040720
0.036904
0.038236
0.042421
0.046049
0.048404
0.023704
0.037627
0.041083
0.035049
0.025827
0.024222
0.025006
0.025463
0.028076
0.030794
0.028968
0.045056
0.042765
0.036521
0.030499
0.025399
0.027919
0.032762
0.036717
0.040049
0.039938
0.058419
0.062212
0.052810
0.043399
0.042415
0.048006
0.055131
0.060210
0.063401
0.031556
0.046484
0.046042
0.039585
0.033295
0.029094
0.033540
0.038077
0.041828
0.045017
0.024213
0.038966
0.041878
0.034518
0.023485
0.019409
0.025280
0.031696
0.036451
0.039709
0.016551
0.032962
0.037481
0.031428
0.021206
0.013798
0.016517
0.022639
0.027888
0.031504
0.020305
0.035330
0.038266
0.032516
0.023010
0.020120
0.021552
0.025646
0.029447
0.032701
0.017734
0.034740
0.036896
0.032100
0.023850
0.018814
0.020754
0.023209
0.027298
0.030874
0.024476
0.037159
0.035455
0.029443
0.022445
0.018727
0.022820
0.027824
0.031830
0.035094
0.043955
0.056480
0.061309
0.054725
0.047125
0.045665
0.047668
0.053391
0.058102
0.060858
0.041013
0.050235
0.053664
0.047721
0.042499
0.039642
0.043127
0.048765
0.053155
0.056001
0.043931
0.057236
0.056908
0.050350
0.045262
0.044007
0.049032
0.053569
0.057407
0.060576
0.024835
0.035840
0.036125
0.030811
0.023858
0.019564
0.023942
0.028935
0.033051
0.036362
0.040416
0.050304
0.054969
0.049776
0.043794
0.041274
0.044484
0.048611
0.053191
0.055925
0.026535
0.039804
0.040937
0.036203
0.028825
0.022364
0.025584
0.029660
0.033107
0.035968
0.025852
0.036705
0.037718
0.033341
0.025836
0.021318
0.023829
0.027878
0.032369
0.036040
0.037000
0.052775
0.054710
0.049081
0.040414
0.036620
0.039875
0.044897
0.049046
0.052351
0.020554
0.032427
0.033514
0.029243
0.027784
0.027994
0.028875
0.032285
0.035374
0.038532
0.037348
0.050785
0.058613
0.053671
0.041379
0.032108
0.033517
0.041617
0.047744
0.051478
0.017833
0.034080
0.040949
0.037244
0.027059
0.017571
0.021366
0.025367
0.030486
0.034242
0.018098
0.026894
0.028369
0.024871
0.022229
0.022572
0.023648
0.027256
0.030589
0.034390
0.034003
0.048059
0.053617
0.049232
0.040208
0.038376
0.038216
0.038880
0.039809
0.041183
0.019141
0.030883
0.036975
0.032021
0.022222
0.015813
0.020785
0.028276
0.033824
0.037557
0.045594
0.055538
0.056031
0.051312
0.045211
0.042204
0.046014
0.049675
0.052426
0.054254
0.022727
0.036536
0.042073
0.038186
0.029583
0.021444
0.023970
0.029337
0.032912
0.034710
0.034277
0.045548
0.052334
0.047803
0.037666
0.031173
0.032687
0.040248
0.045535
0.048525
0.023455
0.035428
0.040821
0.037258
0.028442
0.021180
0.023083
0.027123
0.030716
0.033818
0.018867
0.032030
0.034969
0.031865
0.025961
0.020698
0.023228
0.027698
0.031584
0.034778
0.032377
0.036597
0.043428
0.041110
0.033400
0.027789
0.025731
0.031632
0.037549
0.041310
0.017774
0.031798
0.038568
0.034158
0.025877
0.021654
0.025105
0.033173
0.039820
0.044163
0.019346
0.039869
0.045553
0.041177
0.031012
0.021197
0.021504
0.030191
0.036125
0.039331
0.039228
0.050670
0.052253
0.047416
0.044134
0.043563
0.047956
0.052838
0.056862
0.060049
0.021363
0.035135
0.035244
0.031404
0.030366
0.030347
0.031304
0.034665
0.037664
0.040310
0.029552
0.038425
0.039179
0.034640
0.029346
0.026092
0.028340
0.031796
0.035438
0.038553
0.016544
0.028838
0.033098
0.027977
0.018863
0.014052
0.019428
0.026411
0.031479
0.034931
0.021043
0.039299
0.044861
0.041179
0.031719
0.021310
0.021663
0.029981
0.035594
0.038487
0.027687
0.042429
0.048615
0.047239
0.040546
0.032247
0.027124
0.032234
0.037183
0.040955
0.019477
0.033143
0.038382
0.035051
0.026100
0.018103
0.020273
0.024713
0.028906
0.031809
0.037758
0.044864
0.046385
0.044677
0.043355
0.044272
0.047279
0.051568
0.055100
0.058021
0.026247
0.029294
0.030019
0.026405
0.024027
0.027414
0.032397
0.036801
0.040546
0.043642
0.022321
0.034009
0.041762
0.039728
0.031121
0.021550
0.020322
0.026749
0.032728
0.036127
0.014654
0.024224
0.029120
0.026479
0.019372
0.013528
0.017423
0.022202
0.025824
0.028392
0.040327
0.046977
0.050842
0.047774
0.043336
0.042060
0.046387
0.052814
0.057063
0.058946
0.027751
0.037472
0.040239
0.036256
0.029697
0.023506
0.027328
0.031286
0.034592
0.037866
0.022195
0.034007
0.034920
0.031691
0.025203
0.020319
0.022059
0.027551
0.031818
0.034989
0.034160
0.044250
0.045864
0.042540
0.038423
0.037289
0.041084
0.046038
0.049921
0.052731
0.025528
0.034417
0.035267
0.031905
0.025900
0.020989
0.025027
0.029883
0.033665
0.036360
0.024196
0.036046
0.038279
0.035629
0.030208
0.024642
0.025287
0.030695
0.034909
0.037888
0.041569
0.051104
0.053336
0.049818
0.048106
0.045985
0.048845
0.053539
0.057191
0.059810
0.019311
0.030342
0.029773
0.025747
0.025405
0.025561
0.025723
0.028940
0.032039
0.035085
0.034642
0.042339
0.044131
0.041638
0.038827
0.037676
0.040448
0.045300
0.049263
0.052138
0.023091
0.042226
0.054982
0.058058
0.051546
0.038789
0.026887
0.029861
0.036515
0.039892
0.040366
0.049828
0.052834
0.048546
0.042996
0.041575
0.046637
0.051624
0.055574
0.058421
0.047144
0.048762
0.053224
0.051747
0.048286
0.047489
0.053119
0.059108
0.062833
0.063913
0.026421
0.037012
0.037744
0.037459
0.034904
0.033033
0.033798
0.036641
0.039140
0.041299
0.019537
0.036281
0.044478
0.046613
0.041869
0.035321
0.031403
0.033827
0.036658
0.039873
0.018192
0.026838
0.031577
0.030259
0.024306
0.017475
0.018107
0.021974
0.024424
0.026202
0.030789
0.034837
0.040259
0.039733
0.036147
0.029073
0.028336
0.031613
0.035022
0.038043
0.020638
0.026870
0.027783
0.024888
0.021122
0.020005
0.022690
0.026242
0.029127
0.031657
0.033173
0.037141
0.040264
0.037202
0.031572
0.032416
0.036680
0.040662
0.043673
0.045571
0.034206
0.045970
0.047844
0.045416
0.042179
0.035435
0.027959
0.027762
0.033293
0.037464
0.013372
0.020651
0.025510
0.024455
0.019099
0.012274
0.012591
0.016992
0.020835
0.022822
0.036652
0.033358
0.039608
0.041843
0.039726
0.038373
0.037873
0.039570
0.045333
0.049328
0.022226
0.029975
0.033063
0.034093
0.031935
0.031644
0.031636
0.032166
0.035459
0.037993
0.017924
0.024959
0.025550
0.023119
0.019975
0.018549
0.018966
0.022791
0.025844
0.028562
0.016299
0.025433
0.032307
0.035647
0.032541
0.024760
0.019057
0.020698
0.024719
0.028617
0.034212
0.033517
0.036236
0.037007
0.038965
0.041139
0.046716
0.052803
0.057002
0.058897
0.037855
0.044067
0.047281
0.045370
0.040331
0.038410
0.040395
0.043425
0.047228
0.049583
0.038973
0.049110
0.052887
0.051344
0.046095
0.039173
0.038535
0.043008
0.047571
0.050318
0.016765
0.019650
0.021237
0.020552
0.017788
0.016739
0.018222
0.019594
0.020988
0.022059
0.043434
0.036978
0.039643
0.041604
0.042921
0.044280
0.045122
0.046346
0.048388
0.049512
0.027628
0.036330
0.041383
0.045053
0.044757
0.040013
0.032492
0.026837
0.029782
0.036736
0.026063
0.027197
0.026408
0.024593
0.022107
0.019472
0.019236
0.021643
0.024058
0.026009
0.022008
0.023461
0.019855
0.016641
0.014688
0.013763
0.014430
0.014777
0.015667
0.017368
0.042306
0.051217
0.051197
0.048175
0.046238
0.042929
0.037400
0.031551
0.034941
0.039446
0.032299
0.030880
0.032097
0.030566
0.030868
0.034350
0.037884
0.041018
0.043419
0.045182
0.028831
0.040353
0.042012
0.040164
0.038016
0.032599
0.025675
0.025101
0.031083
0.035338
0.040019
0.045803
0.045866
0.042875
0.037481
0.032532
0.029112
0.031720
0.034360
0.037018
0.018708
0.029088
0.032326
0.033524
0.031264
0.027477
0.025382
0.028474
0.031448
0.034367
0.028596
0.034880
0.037431
0.037578
0.035229
0.031755
0.028320
0.030429
0.034199
0.036663
0.019412
0.024083
0.023800
0.022922
0.023695
0.025185
0.027167
0.029523
0.032353
0.035874
0.020004
0.019342
0.016621
0.017445
0.018282
0.018843
0.019745
0.020342
0.021618
0.022997
0.026823
0.033761
0.033906
0.031880
0.028523
0.025206
0.022555
0.026437
0.029511
0.031438
0.036990
0.032839
0.031594
0.031686
0.033607
0.039542
0.044697
0.048203
0.049406
0.048497
0.024984
0.027408
0.028117
0.026935
0.024435
0.023466
0.023876
0.025423
0.027892
0.030159
0.029109
0.041032
0.038231
0.034935
0.031527
0.029556
0.028953
0.028948
0.029746
0.030927
0.030225
0.030353
0.029965
0.030269
0.029398
0.028658
0.027333
0.030196
0.033269
0.035590
0.032845
0.028901
0.027431
0.029279
0.032943
0.036946
0.039898
0.041242
0.042490
0.043768
0.019872
0.022713
0.021098
0.019567
0.018947
0.018372
0.018667
0.018744
0.018563
0.018679
0.025821
0.030858
0.031207
0.029624
0.027161
0.023074
0.020548
0.020233
0.022680
0.025627
0.017605
0.025164
0.025323
0.023805
0.021375
0.019550
0.019328
0.020392
0.022438
0.024138
0.019695
0.024237
0.020499
0.019788
0.020088
0.020623
0.020978
0.021526
0.022113
0.023092
0.015178
0.026047
0.024381
0.022502
0.020733
0.019945
0.020016
0.020192
0.020500
0.021201
0.013414
0.015115
0.015412
0.015718
0.015030
0.013278
0.012131
0.012708
0.013839
0.014910
0.016630
0.020770
0.018837
0.017771
0.018190
0.019655
0.022160
0.025251
0.028515
0.032112
0.015408
0.018889
0.015717
0.014190
0.012949
0.012080
0.012915
0.013892
0.015090
0.016230
0.017662
0.021839
0.020724
0.019039
0.017401
0.016600
0.016100
0.016122
0.016320
0.017081
0.017893
0.025186
0.025328
0.024668
0.023690
0.024733
0.027417
0.030414
0.033589
0.036899
0.028758
0.024215
0.024190
0.024874
0.026037
0.028292
0.030525
0.033054
0.035853
0.038748
0.021801
0.026489
0.027729
0.026172
0.023288
0.019413
0.018137
0.021913
0.025307
0.027397
0.037879
0.042015
0.044278
0.042691
0.039728
0.038712
0.041630
0.046687
0.050475
0.052570
0.036902
0.033086
0.034052
0.033873
0.034172
0.035116
0.036798
0.039037
0.041408
0.043954
0.024824
0.030576
0.032324
0.031149
0.030737
0.027645
0.022221
0.018419
0.022198
0.026588
0.028384
0.030145
0.031514
0.029993
0.030307
0.032811
0.036304
0.039501
0.042057
0.043755
0.019330
0.027341
0.027312
0.025334
0.022117
0.020091
0.020280
0.021658
0.023138
0.023338
0.039281
0.043231
0.044884
0.042890
0.040432
0.039043
0.041959
0.044812
0.047929
0.050418
0.019942
0.028585
0.029847
0.030292
0.031187
0.030441
0.029992
0.031907
0.034727
0.037356
0.021630
0.023265
0.022909
0.020838
0.020450
0.020564
0.022916
0.025832
0.028042
0.029598
0.019984
0.027352
0.027874
0.027785
0.027504
0.026708
0.029069
0.031765
0.034667
0.037701
0.017003
0.018751
0.018353
0.018387
0.019234
0.020203
0.021299
0.023997
0.026483
0.028674
0.015246
0.016768
0.017630
0.016563
0.015349
0.014447
0.015353
0.017803
0.020680
0.023752
0.016001
0.020341
0.023175
0.023944
0.022911
0.019889
0.020165
0.022194
0.024901
0.028102
0.039826
0.040951
0.042282
0.039744
0.037671
0.040566
0.045220
0.049233
0.052164
0.053783
0.020278
0.018470
0.022563
0.023220
0.022477
0.021268
0.022606
0.027020
0.030975
0.034278
0.023879
0.030759
0.031398
0.031183
0.030865
0.031010
0.031993
0.033007
0.034989
0.037161
0.012983
0.020598
0.021614
0.019537
0.016467
0.015758
0.016511
0.019781
0.022606
0.025175
0.020698
0.023929
0.024401
0.022745
0.020555
0.020080
0.022198
0.025596
0.028417
0.030519
0.020404
0.027087
0.028064
0.028613
0.028696
0.028667
0.028960
0.029509
0.030392
0.031679
0.019455
0.023514
0.025888
0.026695
0.025341
0.023546
0.024261
0.026555
0.028807
0.030863
0.025293
0.031210
0.031608
0.030106
0.027583
0.025084
0.022316
0.022779
0.023830
0.025494
0.015542
0.021011
0.019565
0.018080
0.017419
0.017745
0.018567
0.019699
0.021109
0.022716
0.022004
0.028736
0.027755
0.024954
0.021461
0.017855
0.017900
0.021060
0.023210
0.024320
0.020176
0.022526
0.022710
0.021552
0.020523
0.022070
0.023886
0.026021
0.027947
0.029776
0.022791
0.031119
0.032353
0.031766
0.029901
0.025767
0.020170
0.018467
0.021666
0.025654
0.027411
0.032246
0.032650
0.030309
0.026791
0.022162
0.021971
0.024224
0.026526
0.027319
0.027273
0.029852
0.028338
0.025744
0.023238
0.022660
0.024379
0.025619
0.025988
0.025723
0.042494
0.041599
0.041691
0.040457
0.041093
0.046151
0.053128
0.058223
0.060596
0.059786
0.016663
0.019705
0.017269
0.016413
0.016543
0.017107
0.017657
0.018094
0.019592
0.021185
0.021268
0.025170
0.026962
0.025727
0.023127
0.022851
0.023035
0.026129
0.028655
0.030399
0.020919
0.024809
0.024991
0.025254
0.025865
0.026799
0.027598
0.028801
0.031042
0.032918
0.015201
0.015783
0.016084
0.016009
0.016242
0.016798
0.017826
0.019051
0.020620
0.021751
0.025900
0.031579
0.031738
0.031272
0.030310
0.030683
0.031551
0.032869
0.034901
0.037519
0.013597
0.015905
0.017769
0.016968
0.015802
0.013669
0.013938
0.016325
0.018651
0.021055
0.045377
0.047379
0.044840
0.041939
0.039308
0.037133
0.034963
0.033472
0.033554
0.034174
0.016559
0.016457
0.017634
0.016371
0.014057
0.012118
0.013317
0.016914
0.020419
0.022916
0.015091
0.021478
0.022093
0.019779
0.017610
0.017149
0.017613
0.020450
0.022694
0.024810
0.011916
0.018124
0.019707
0.018993
0.016787
0.014008
0.013352
0.014520
0.016424
0.018195
0.018326
0.026528
0.024184
0.021651
0.019567
0.018642
0.018318
0.018263
0.018666
0.019585
0.031214
0.034598
0.033888
0.031003
0.027498
0.025872
0.026621
0.027244
0.027886
0.027633
0.030018
0.033085
0.031752
0.029634
0.026562
0.024108
0.022405
0.022794
0.024106
0.025272
0.013490
0.020475
0.022095
0.020648
0.017638
0.014485
0.016047
0.019212
0.021831
0.024040
0.042078
0.038927
0.037234
0.036961
0.040266
0.046073
0.050655
0.053218
0.053145
0.052298
0.028282
0.035913
0.036608
0.034825
0.031450
0.027743
0.024331
0.022419
0.024417
0.026412
0.015939
0.017089
0.013532
0.010907
0.011973
0.013966
0.015543
0.016656
0.017863
0.019204
0.026602
0.026145
0.026039
0.024680
0.024454
0.026320
0.030043
0.033601
0.036644
0.038859
0.015041
0.025484
0.024774
0.024412
0.023255
0.021146
0.018174
0.016188
0.015571
0.017002
0.019332
0.023801
0.022348
0.020670
0.020114
0.020409
0.020885
0.021060
0.021032
0.021296
0.022184
0.023655
0.022037
0.020422
0.019242
0.018891
0.018436
0.017669
0.016342
0.017485
0.026097
0.030185
0.030339
0.028434
0.026192
0.023769
0.023375
0.023997
0.024809
0.024931
0.020928
0.024769
0.024854
0.021916
0.020379
0.019729
0.021882
0.025005
0.027405
0.029283
0.039896
0.035988
0.035803
0.036415
0.039356
0.043141
0.047119
0.049634
0.051615
0.052401
0.034975
0.030783
0.031691
0.033128
0.034899
0.036792
0.038463
0.039420
0.039887
0.040856
0.037442
0.038156
0.038920
0.038337
0.038672
0.039799
0.041550
0.043800
0.045920
0.047813
0.015975
0.022978
0.023960
0.023399
0.021179
0.018494
0.015360
0.016134
0.018309
0.019808
0.026059
0.030217
0.029667
0.027329
0.024030
0.020324
0.018674
0.019131
0.019853
0.020588
0.041445
0.037227
0.037871
0.039294
0.041584
0.044254
0.047338
0.049610
0.050853
0.051905
0.013919
0.016401
0.016750
0.015741
0.016024
0.016912
0.018319
0.020099
0.022561
0.025938
0.027244
0.029620
0.027052
0.024948
0.025156
0.026784
0.029541
0.032339
0.034878
0.036757
0.012746
0.023397
0.021514
0.020181
0.018975
0.018935
0.019242
0.020552
0.022686
0.024690
0.014157
0.020962
0.021559
0.019504
0.017149
0.015901
0.018267
0.020361
0.021870
0.022630
0.018259
0.022960
0.023078
0.022958
0.021981
0.019957
0.017495
0.016080
0.018037
0.021466
0.021548
0.026552
0.026772
0.027378
0.028080
0.028771
0.029063
0.029536
0.032224
0.035169
0.028941
0.035257
0.033655
0.031775
0.030435
0.030521
0.030200
0.028969
0.027337
0.027342
0.019827
0.020890
0.020764
0.018576
0.015468
0.015030
0.017187
0.020101
0.021613
0.021515
0.015615
0.020992
0.019680
0.018350
0.016786
0.015361
0.016058
0.016673
0.017030
0.017452
0.021876
0.029387
0.028269
0.027255
0.026685
0.023536
0.019881
0.019163
0.022479
0.023858
0.021133
0.021116
0.021074
0.021206
0.021518
0.021801
0.022300
0.023211
0.024916
0.027346
0.037371
0.034621
0.033972
0.035430
0.037926
0.040619
0.043095
0.044748
0.046290
0.047659
0.032142
0.035003
0.035474
0.035825
0.036315
0.037669
0.038664
0.040002
0.042335
0.044731
0.034983
0.038040
0.039446
0.039728
0.039420
0.039248
0.039546
0.040522
0.041382
0.042197
0.023806
0.023047
0.025686
0.025892
0.026824
0.028506
0.031061
0.033613
0.035581
0.036711
0.021514
0.027084
0.028635
0.028865
0.028383
0.028160
0.028674
0.031091
0.034047
0.037077
0.038786
0.040012
0.040418
0.040821
0.041683
0.042629
0.043960
0.045012
0.045677
0.046882
0.030796
0.031422
0.032628
0.033623
0.034902
0.037231
0.039144
0.042053
0.045076
0.047355
0.025704
0.030453
0.029805
0.027279
0.023703
0.020800
0.020384
0.021040
0.021807
0.021822
0.034677
0.037463
0.037684
0.036291
0.033338
0.029510
0.025892
0.024306
0.025715
0.026957
0.020372
0.028507
0.027289
0.027024
0.026423
0.025645
0.024553
0.024660
0.025398
0.026677
0.024183
0.030756
0.031060
0.029347
0.026202
0.022853
0.019687
0.018998
0.020376
0.022588
0.017424
0.017447
0.018159
0.019061
0.020330
0.021616
0.022972
0.024872
0.026942
0.029288
0.035896
0.035333
0.033858
0.034740
0.037375
0.040361
0.043581
0.046386
0.048626
0.050466
0.016708
0.027546
0.032282
0.034787
0.034468
0.030907
0.025490
0.022696
0.024829
0.027478
0.010471
0.022191
0.020769
0.019762
0.019233
0.018966
0.019665
0.021073
0.022723
0.023963
0.022027
0.026165
0.027163
0.027743
0.028048
0.028583
0.029342
0.030419
0.031666
0.033220
0.025341
0.028645
0.029277
0.027677
0.024875
0.021943
0.019125
0.017499
0.018824
0.020082
0.011648
0.015600
0.014344
0.013988
0.013948
0.014747
0.015548
0.016157
0.016609
0.017120
0.011834
0.019759
0.018667
0.017370
0.017086
0.017331
0.017952
0.019189
0.020721
0.022582
0.033195
0.035564
0.035484
0.033868
0.031099
0.028863
0.026726
0.024812
0.025791
0.026725
0.041807
0.042119
0.042468
0.041675
0.040510
0.042121
0.044464
0.046339
0.047714
0.048761
0.020255
0.026480
0.025321
0.023868
0.022922
0.021746
0.020556
0.020684
0.021440
0.022382
0.034992
0.028409
0.029495
0.031992
0.034821
0.038083
0.040854
0.042802
0.043501
0.042893
0.039330
0.035783
0.035003
0.034133
0.035335
0.037827
0.041015
0.043614
0.045252
0.045420
0.024813
0.026597
0.026372
0.027920
0.031133
0.034172
0.036679
0.038315
0.038765
0.037841
0.019161
0.027003
0.025695
0.025279
0.024102
0.022003
0.019033
0.016430
0.016925
0.018042
0.035940
0.040853
0.041685
0.040949
0.040609
0.039100
0.035913
0.031781
0.028451
0.030586
0.025260
0.027861
0.027525
0.025779
0.023096
0.020108
0.017851
0.017894
0.018542
0.019367
0.010013
0.018556
0.016912
0.015987
0.016167
0.016788
0.017881
0.019377
0.021141
0.023154
0.015327
0.015758
0.016223
0.015154
0.013516
0.013255
0.013749
0.014283
0.015018
0.016059
0.014816
0.017874
0.020003
0.019726
0.018169
0.016962
0.019024
0.021069
0.023213
0.025596
0.037372
0.034489
0.035968
0.035522
0.035041
0.034628
0.034392
0.036435
0.038607
0.040999
0.024575
0.027245
0.028859
0.029400
0.030387
0.031577
0.032261
0.032531
0.034998
0.037928
0.019771
0.024856
0.023413
0.020445
0.017088
0.015000
0.014893
0.015479
0.015713
0.015155
0.018088
0.021908
0.023161
0.021891
0.019154
0.017355
0.018710
0.021637
0.024280
0.026360
0.029780
0.030038
0.028461
0.026326
0.023840
0.021187
0.019333
0.019194
0.019265
0.019500
0.022624
0.021323
0.020148
0.019914
0.020202
0.021349
0.023480
0.025588
0.027915
0.029813
0.021035
0.026878
0.026658
0.026944
0.027116
0.027550
0.028296
0.029824
0.032214
0.034659
0.045899
0.038370
0.039080
0.042052
0.045836
0.049522
0.051736
0.052603
0.053074
0.052648
0.023962
0.030902
0.032233
0.032383
0.031832
0.031283
0.030653
0.031275
0.033853
0.036456
0.039728
0.034273
0.034814
0.035837
0.038517
0.041654
0.044661
0.046964
0.048216
0.048109
0.039164
0.040025
0.039322
0.036839
0.035055
0.034197
0.039189
0.045279
0.049101
0.049725
0.041390
0.039699
0.039947
0.041200
0.043343
0.045120
0.048714
0.052729
0.055879
0.057470
0.017498
0.019258
0.019149
0.017592
0.016408
0.016070
0.017400
0.019060
0.020518
0.021013
0.018024
0.019748
0.020498
0.020005
0.019108
0.019238
0.019264
0.019604
0.019340
0.019223
0.012345
0.020045
0.018447
0.016380
0.015588
0.015940
0.016345
0.016261
0.016265
0.017179
0.026088
0.026898
0.025109
0.023316
0.022119
0.021896
0.021407
0.020416
0.019827
0.021368
0.027021
0.028671
0.028503
0.027278
0.028682
0.030641
0.032520
0.034292
0.036432
0.038637
0.019923
0.027285
0.027496
0.026028
0.023336
0.019768
0.016315
0.015083
0.016466
0.018428
0.017008
0.017352
0.016305
0.015706
0.015757
0.016610
0.017631
0.017370
0.016998
0.017884
0.014464
0.019229
0.017371
0.013950
0.010227
0.010294
0.012592
0.014043
0.014072
0.014363
0.025908
0.027840
0.030485
0.030719
0.030130
0.031393
0.032208
0.033723
0.036342
0.039190
0.017176
0.026296
0.028232
0.028376
0.029190
0.030526
0.031029
0.030908
0.033917
0.036990
0.019156
0.020247
0.022626
0.025383
0.027511
0.028991
0.029866
0.030211
0.032910
0.035641
0.020275
0.027103
0.028183
0.028282
0.028407
0.028146
0.027487
0.028305
0.030953
0.033391
0.021619
0.023099
0.021734
0.018188
0.015366
0.016832
0.019369
0.022103
0.022805
0.022459
0.019708
0.029960
0.031595
0.031165
0.029354
0.026359
0.023380
0.021522
0.022486
0.023133
0.033269
0.037040
0.034911
0.032745
0.031074
0.029643
0.028497
0.027718
0.027377
0.027439
0.015163
0.017727
0.014880
0.011806
0.008654
0.007448
0.009292
0.009991
0.010688
0.011863
0.036137
0.036930
0.037147
0.037938
0.040014
0.042316
0.044269
0.045641
0.046853
0.048431
0.022680
0.028729
0.030421
0.030653
0.031312
0.031352
0.030918
0.032553
0.035564
0.038522
0.031894
0.033638
0.032475
0.030024
0.027590
0.026851
0.027653
0.028121
0.028503
0.027834
0.013489
0.017009
0.017460
0.015786
0.014309
0.014175
0.015401
0.016680
0.017623
0.018160
0.024829
0.031373
0.034093
0.037302
0.040674
0.042744
0.042750
0.039626
0.033851
0.031165
0.041049
0.042497
0.045299
0.046501
0.047803
0.050633
0.054718
0.058691
0.062229
0.065204
0.035944
0.028883
0.031341
0.032522
0.032871
0.032546
0.034236
0.036315
0.038345
0.040351
0.017481
0.017870
0.018220
0.019664
0.021945
0.023912
0.024900
0.024716
0.023930
0.023193
0.018748
0.024464
0.027235
0.029542
0.031523
0.034729
0.037860
0.041039
0.044066
0.046288
0.027967
0.032201
0.033675
0.032092
0.028817
0.024730
0.021185
0.021962
0.024608
0.026916
0.021330
0.021089
0.022693
0.022913
0.021846
0.020532
0.019550
0.021149
0.024402
0.027637
0.042581
0.037563
0.041025
0.044160
0.047287
0.050221
0.052990
0.055569
0.057880
0.059836
0.021315
0.028762
0.031214
0.031781
0.032065
0.032213
0.031522
0.031927
0.034911
0.037819
0.017292
0.032412
0.039794
0.043308
0.042075
0.036135
0.026522
0.021388
0.024236
0.030784
0.037072
0.041730
0.043033
0.042563
0.041561
0.040919
0.042838
0.046612
0.050530
0.052803
0.033378
0.029287
0.030896
0.034057
0.037710
0.041021
0.043711
0.045492
0.046214
0.047368
0.034684
0.035561
0.034826
0.035098
0.037125
0.039487
0.041778
0.044036
0.045903
0.047749
0.020615
0.020902
0.023578
0.028677
0.033453
0.037032
0.038689
0.037363
0.034514
0.034703
0.019391
0.017141
0.018361
0.020273
0.022377
0.024462
0.026466
0.028233
0.029696
0.031049
0.011334
0.018534
0.021138
0.021120
0.019014
0.015304
0.012496
0.014687
0.016909
0.018668
0.023958
0.032492
0.033407
0.034155
0.033496
0.032080
0.030198
0.030077
0.030982
0.031926
0.024766
0.037200
0.044782
0.047666
0.045311
0.038101
0.027508
0.021440
0.032885
0.042163
0.018330
0.018886
0.018562
0.018834
0.019454
0.020127
0.020642
0.021246
0.021878
0.023258
0.024939
0.028265
0.030482
0.031500
0.032601
0.033415
0.034150
0.034925
0.035549
0.036544
0.011445
0.014427
0.013695
0.012423
0.013792
0.015160
0.016339
0.016783
0.015949
0.016086
0.016835
0.024745
0.023365
0.021853
0.020207
0.019360
0.019512
0.019829
0.020197
0.020815
0.010863
0.019690
0.022701
0.023011
0.022188
0.019698
0.018816
0.019983
0.021124
0.022765
0.021696
0.021667
0.021521
0.021727
0.022170
0.022580
0.023001
0.023491
0.024564
0.026138
0.014663
0.020225
0.021975
0.022183
0.020986
0.019714
0.019849
0.021723
0.024179
0.026303
0.036493
0.045966
0.048667
0.047717
0.044711
0.041286
0.039526
0.038869
0.040561
0.043215
0.022570
0.026036
0.026465
0.026612
0.027288
0.027936
0.028400
0.028513
0.028170
0.028080
0.031541
0.031466
0.034865
0.036431
0.036906
0.037432
0.037654
0.038422
0.040679
0.043180
0.026713
0.022561
0.021722
0.022189
0.024455
0.026770
0.028753
0.030140
0.030791
0.031018
0.021441
0.031711
0.032605
0.030613
0.027243
0.023189
0.020183
0.019984
0.020800
0.021501
0.027427
0.030612
0.030430
0.030589
0.030936
0.030693
0.029826
0.029449
0.029705
0.030489
0.015359
0.019421
0.021873
0.022391
0.021261
0.019520
0.017085
0.018068
0.020963
0.024209
0.014730
0.017050
0.016632
0.017803
0.018904
0.019610
0.019757
0.019599
0.019864
0.021064
0.016801
0.020623
0.020853
0.020196
0.019333
0.018059
0.018175
0.019576
0.021719
0.023074
0.027007
0.031918
0.035268
0.036091
0.036463
0.035354
0.034797
0.036171
0.039195
0.042085
0.014104
0.016652
0.016714
0.017484
0.018092
0.019652
0.021963
0.024714
0.027196
0.029341
0.020714
0.028974
0.034735
0.038190
0.039476
0.038646
0.037399
0.036622
0.039965
0.044426
0.019498
0.020497
0.020732
0.019905
0.019500
0.020870
0.022644
0.023767
0.023905
0.022882
0.038234
0.037774
0.038767
0.041157
0.043585
0.046063
0.049079
0.051511
0.053128
0.053771
0.016844
0.018473
0.019235
0.018917
0.018701
0.019205
0.019938
0.020813
0.021630
0.023681
0.033723
0.033346
0.036389
0.039423
0.042166
0.044552
0.046442
0.047644
0.048096
0.048205
0.022171
0.028936
0.031706
0.033618
0.036030
0.036975
0.035872
0.031456
0.026442
0.027180
0.035135
0.034789
0.036376
0.038443
0.039874
0.040894
0.042253
0.044321
0.046201
0.047889
0.014001
0.017809
0.017467
0.017018
0.017589
0.018144
0.018593
0.018784
0.019094
0.019837
0.017220
0.020104
0.020865
0.022044
0.022832
0.023836
0.024575
0.024796
0.025251
0.025901
0.023448
0.026246
0.022753
0.020759
0.020423
0.021281
0.022165
0.023090
0.024723
0.026462
0.027699
0.041171
0.044292
0.042400
0.037999
0.032686
0.027583
0.028535
0.031565
0.034116
0.022909
0.021795
0.021564
0.020632
0.019803
0.020980
0.022263
0.023542
0.025187
0.027526
0.015898
0.020992
0.023115
0.023652
0.022763
0.020762
0.019600
0.019759
0.020776
0.022012
0.017433
0.025149
0.027744
0.028836
0.028271
0.025999
0.024207
0.023575
0.023846
0.026573
0.026650
0.027278
0.028830
0.028924
0.027804
0.026125
0.024780
0.026762
0.029964
0.032612
0.034502
0.032500
0.031928
0.033657
0.036385
0.038877
0.040338
0.040725
0.041712
0.043035
0.017076
0.025272
0.030571
0.032237
0.029967
0.024435
0.017717
0.017946
0.025221
0.031590
0.030862
0.029664
0.031569
0.035830
0.039620
0.041810
0.041245
0.039907
0.038680
0.039380
0.029904
0.030775
0.033691
0.034877
0.036558
0.037737
0.038209
0.038199
0.038107
0.039773
0.036839
0.033725
0.035013
0.035831
0.037412
0.038886
0.040295
0.041633
0.042837
0.043820
0.023335
0.025474
0.026674
0.027226
0.027131
0.027046
0.028176
0.029730
0.030932
0.031826
0.023861
0.025105
0.025578
0.025744
0.028458
0.031147
0.033656
0.035846
0.037585
0.038767
0.026387
0.035369
0.039424
0.042163
0.042882
0.041325
0.037612
0.032434
0.033412
0.036877
0.038021
0.034612
0.035602
0.035787
0.037070
0.038404
0.039979
0.040481
0.039354
0.037202
0.032182
0.033776
0.034334
0.033669
0.033252
0.032761
0.033817
0.035461
0.036843
0.037754
0.016289
0.016665
0.017030
0.017265
0.018657
0.021230
0.023486
0.024773
0.024625
0.022730
0.019979
0.019077
0.021492
0.023697
0.026620
0.029535
0.032391
0.035189
0.037980
0.040857
0.017700
0.019824
0.021767
0.023117
0.023226
0.022035
0.019721
0.021074
0.022742
0.024450
0.016987
0.019587
0.020503
0.020770
0.021241
0.022112
0.022941
0.023197
0.023770
0.025436
0.018006
0.020140
0.022960
0.024538
0.025852
0.025529
0.023510
0.021017
0.021436
0.023057
0.017128
0.024862
0.027093
0.027254
0.026640
0.025881
0.028047
0.031116
0.034455
0.037816
0.049353
0.046240
0.050855
0.056122
0.060871
0.064051
0.064402
0.060511
0.056778
0.056515
0.015502
0.019902
0.019667
0.017747
0.018141
0.019489
0.020898
0.022114
0.022737
0.022427
0.018605
0.022938
0.025877
0.027862
0.029245
0.030121
0.030550
0.030793
0.030770
0.030872
0.036043
0.040021
0.043492
0.046102
0.047606
0.047122
0.044434
0.040448
0.036952
0.036263
0.016767
0.016763
0.017398
0.015206
0.015056
0.016030
0.017520
0.018919
0.019782
0.020968
0.016542
0.022506
0.025654
0.026209
0.024248
0.020055
0.015309
0.015844
0.017028
0.018888
0.023058
0.027025
0.028692
0.028922
0.027922
0.026321
0.024376
0.024530
0.025935
0.027083
0.037296
0.036074
0.036304
0.037058
0.037850
0.038847
0.039144
0.037942
0.036000
0.036390
0.017772
0.021934
0.021919
0.020332
0.019353
0.021181
0.023243
0.024333
0.024131
0.023424
0.017567
0.022932
0.022264
0.021094
0.021245
0.022765
0.024161
0.024883
0.024840
0.024326
0.019171
0.025119
0.024282
0.023300
0.022909
0.022698
0.022868
0.023349
0.023936
0.025031
0.034941
0.034755
0.035381
0.037094
0.039516
0.041606
0.042881
0.043330
0.043131
0.041755
0.015868
0.032128
0.042621
0.047482
0.045523
0.037127
0.025294
0.022265
0.033707
0.045304
0.025214
0.031266
0.030387
0.028876
0.028156
0.030044
0.031764
0.032090
0.030891
0.029526
0.013292
0.016691
0.015723
0.015363
0.016277
0.018226
0.020159
0.020266
0.019352
0.020220
0.035299
0.034941
0.035280
0.035913
0.036198
0.037165
0.038399
0.039598
0.040771
0.041839
0.027912
0.027723
0.027051
0.028524
0.031019
0.033043
0.034404
0.034439
0.034563
0.035937
0.012483
0.017292
0.018444
0.019504
0.020477
0.021415
0.022442
0.024014
0.026359
0.029344
0.045189
0.043477
0.043807
0.043749
0.044269
0.044753
0.045745
0.047021
0.048023
0.049927
0.023053
0.024556
0.025602
0.029394
0.032979
0.035979
0.036493
0.033556
0.030761
0.030285
0.014542
0.016709
0.016799
0.017702
0.018738
0.020565
0.023518
0.026336
0.028872
0.031046
0.022260
0.029145
0.031209
0.031561
0.031096
0.031689
0.032630
0.032657
0.033709
0.036761
0.037924
0.037351
0.038997
0.039627
0.039949
0.040943
0.042123
0.042715
0.042796
0.042527
0.015388
0.017220
0.017851
0.019694
0.022619
0.024255
0.023748
0.024592
0.025230
0.026677
0.026930
0.031317
0.030146
0.028253
0.029129
0.030640
0.032273
0.032840
0.031877
0.030413
0.017189
0.020338
0.021184
0.022823
0.024229
0.025762
0.027015
0.029040
0.031866
0.034354
0.034961
0.038055
0.041386
0.043530
0.044443
0.044000
0.043390
0.042652
0.041569
0.040452
0.021818
0.024719
0.026648
0.025467
0.022823
0.019686
0.017405
0.018735
0.020254
0.021931
0.017579
0.017921
0.017354
0.015837
0.015696
0.016224
0.017227
0.018648
0.019714
0.020801
0.019821
0.018244
0.019941
0.020972
0.021624
0.022310
0.022669
0.022777
0.022884
0.023062
0.038159
0.038460
0.037597
0.036105
0.035991
0.036663
0.037717
0.038874
0.039615
0.041620
0.042410
0.045989
0.048122
0.046879
0.044142
0.042003
0.040931
0.039961
0.038754
0.039752
0.019666
0.021742
0.019453
0.017371
0.016856
0.016981
0.018624
0.020134
0.021135
0.021598
0.014432
0.017872
0.017067
0.016819
0.017023
0.018011
0.018982
0.019528
0.020363
0.021473
0.018195
0.021543
0.025119
0.029254
0.032994
0.035926
0.036579
0.033496
0.028886
0.027256
0.017269
0.014527
0.015488
0.017782
0.020371
0.023071
0.025707
0.027420
0.027859
0.027656
0.020595
0.021024
0.021404
0.020839
0.019720
0.019269
0.019492
0.019831
0.020487
0.021067
0.019464
0.015758
0.014736
0.013910
0.013078
0.014248
0.015985
0.017550
0.018893
0.020073
0.018887
0.023565
0.026614
0.031433
0.036702
0.040217
0.040593
0.035884
0.029674
0.026758
0.033271
0.028779
0.028951
0.029931
0.031251
0.032711
0.033482
0.033174
0.033567
0.035916
0.018183
0.034268
0.043726
0.046806
0.043099
0.033519
0.021553
0.020231
0.029887
0.038978
0.023178
0.027173
0.028453
0.026822
0.024252
0.024591
0.024938
0.026335
0.026645
0.025824
0.015469
0.019360
0.020016
0.018867
0.017154
0.016499
0.017776
0.019883
0.021693
0.021954
0.020689
0.021418
0.024304
0.025261
0.025809
0.027459
0.029231
0.031289
0.033923
0.036559
0.014884
0.017376
0.015504
0.013998
0.016187
0.020386
0.023872
0.025622
0.024883
0.022355
0.020834
0.023266
0.024867
0.026807
0.028046
0.028320
0.027369
0.025939
0.026155
0.027853
0.018969
0.019528
0.022074
0.023412
0.023957
0.024096
0.024684
0.024818
0.024718
0.025243
0.040065
0.041006
0.043097
0.045536
0.047453
0.048284
0.047522
0.045909
0.045428
0.045324
0.050911
0.049453
0.049905
0.050468
0.050772
0.050950
0.051312
0.052243
0.052458
0.053648
0.019778
0.027692
0.027922
0.027036
0.026586
0.027112
0.028161
0.029081
0.029770
0.030401
0.031687
0.035517
0.036107
0.035595
0.035321
0.034762
0.034878
0.035591
0.036680
0.038019
0.047963
0.045167
0.046087
0.047066
0.048230
0.049390
0.050317
0.050933
0.051195
0.051089
0.016130
0.020811
0.020570
0.020727
0.021112
0.021738
0.022971
0.024444
0.025721
0.027040
0.015903
0.024274
0.026200
0.024565
0.021043
0.020689
0.022400
0.023565
0.024233
0.023301
0.018760
0.017478
0.017179
0.016198
0.015625
0.016341
0.019142
0.021559
0.023192
0.023914
0.015066
0.018832
0.022313
0.024748
0.027266
0.028997
0.029962
0.032363
0.035293
0.038154
0.034828
0.035575
0.035231
0.035777
0.036596
0.037596
0.038595
0.039280
0.039654
0.039934
0.017553
0.021412
0.022758
0.022581
0.024453
0.026232
0.027814
0.029628
0.032613
0.035881
0.016680
0.019390
0.018286
0.018390
0.019282
0.020879
0.021909
0.022239
0.021971
0.021628
0.017664
0.022103
0.024238
0.025457
0.027445
0.029056
0.030001
0.031426
0.034594
0.037670
0.017640
0.019354
0.018973
0.018584
0.020173
0.022531
0.024412
0.025400
0.025320
0.024070
0.017853
0.018372
0.019678
0.021325
0.023632
0.023897
0.022742
0.021204
0.021961
0.023874
0.017950
0.025520
0.027822
0.027121
0.024315
0.023029
0.022732
0.024280
0.026244
0.027221
0.012577
0.018582
0.020071
0.018391
0.015372
0.013142
0.013592
0.015454
0.017325
0.018666
0.017914
0.022526
0.025225
0.025789
0.025758
0.027297
0.029143
0.031130
0.034385
0.037773
0.033090
0.037848
0.039413
0.039734
0.039423
0.039170
0.038772
0.038594
0.038580
0.038056
0.026029
0.026006
0.028593
0.029472
0.031103
0.032850
0.034446
0.036324
0.038986
0.041885
0.019533
0.026030
0.028339
0.027277
0.024292
0.020460
0.020731
0.022837
0.024629
0.025673
0.037488
0.041811
0.042777
0.041800
0.041548
0.040988
0.040004
0.038441
0.036276
0.036523
0.025790
0.028653
0.028419
0.026839
0.024544
0.023847
0.024501
0.025401
0.025948
0.025988
0.011350
0.016206
0.015970
0.013728
0.011937
0.012076
0.013518
0.015182
0.015490
0.014960
0.025509
0.024597
0.025507
0.024434
0.022857
0.021852
0.023763
0.025271
0.026297
0.027459
0.025475
0.026619
0.026700
0.025892
0.025327
0.026732
0.027870
0.028439
0.028262
0.027260
0.023978
0.022774
0.022499
0.020539
0.019650
0.021553
0.023944
0.025846
0.026951
0.027354
0.017122
0.019950
0.021397
0.019712
0.016819
0.016675
0.017137
0.017417
0.017972
0.018795
0.032990
0.034001
0.032920
0.032241
0.032573
0.033882
0.035454
0.036914
0.037987
0.038954
0.019211
0.020648
0.019588
0.016666
0.013978
0.014660
0.016305
0.017151
0.017502
0.018709
0.015157
0.017936
0.017628
0.016674
0.017818
0.019252
0.020909
0.021419
0.020867
0.021242
0.018813
0.025348
0.027912
0.027766
0.026371
0.024085
0.022556
0.025392
0.028614
0.030021
0.034139
0.034655
0.035969
0.036130
0.035572
0.036133
0.036884
0.037487
0.038395
0.039203
0.019322
0.017662
0.020284
0.022624
0.024553
0.026171
0.027620
0.029041
0.030887
0.032964
0.020533
0.020325
0.022065
0.023724
0.025367
0.026771
0.028496
0.031032
0.033324
0.035197
0.042874
0.045456
0.046214
0.045803
0.044708
0.044371
0.044398
0.044662
0.044789
0.044771
0.019643
0.029832
0.034194
0.035189
0.034772
0.033337
0.032233
0.033361
0.036934
0.040239
0.015491
0.019371
0.020488
0.019533
0.017479
0.015832
0.016884
0.019627
0.021729
0.022573
0.017559
0.020595
0.018741
0.016005
0.014877
0.016439
0.019089
0.020221
0.018992
0.017283
0.017271
0.019830
0.019206
0.020508
0.022075
0.023684
0.025234
0.027498
0.029560
0.031248
0.017179
0.016758
0.016067
0.015752
0.017821
0.020939
0.023763
0.024950
0.023738
0.022299
0.043418
0.043007
0.042747
0.043112
0.043996
0.044741
0.045549
0.046033
0.045933
0.045895
0.021692
0.020424
0.019842
0.018901
0.018189
0.019113
0.019902
0.020693
0.021210
0.021929
0.018962
0.022027
0.023321
0.023546
0.023061
0.023270
0.023269
0.023280
0.023239
0.023261
0.039164
0.040292
0.041789
0.042489
0.042646
0.042541
0.041684
0.041403
0.041852
0.042285
0.018981
0.022917
0.024135
0.025275
0.026368
0.027543
0.028892
0.030728
0.033153
0.035767
0.037053
0.036480
0.037493
0.038131
0.038707
0.039662
0.040753
0.041977
0.043317
0.044980
0.015718
0.019035
0.019009
0.019483
0.023082
0.026289
0.028484
0.029083
0.027700
0.025493
0.016764
0.016890
0.017508
0.016194
0.016227
0.016470
0.016484
0.016179
0.016167
0.017560
0.044747
0.046376
0.045599
0.044901
0.044904
0.044795
0.044690
0.044855
0.044728
0.044374
0.013054
0.019389
0.019933
0.018250
0.016320
0.015542
0.016907
0.018640
0.019841
0.019777
0.026637
0.028453
0.031106
0.031874
0.031194
0.029054
0.025382
0.021230
0.021018
0.023138
0.035243
0.034579
0.033830
0.034798
0.036041
0.037281
0.037802
0.038084
0.038808
0.039422
0.030963
0.030574
0.031912
0.031344
0.029533
0.028389
0.028805
0.029491
0.030079
0.030396
0.040157
0.040695
0.040588
0.040632
0.041308
0.042035
0.042559
0.042752
0.042504
0.041825
0.013420
0.017056
0.018040
0.019745
0.021389
0.022735
0.023653
0.024430
0.027354
0.031354
0.039733
0.037573
0.037207
0.036186
0.034663
0.033564
0.032547
0.031427
0.030804
0.031015
0.017204
0.021286
0.022066
0.020875
0.018431
0.015608
0.016254
0.017365
0.018511
0.019723
0.018685
0.021225
0.022365
0.022316
0.021261
0.019570
0.018713
0.019181
0.019474
0.019716
0.031097
0.032390
0.032203
0.033895
0.035795
0.035418
0.033566
0.032759
0.032519
0.033056
0.036164
0.034578
0.034857
0.036391
0.037883
0.039113
0.039838
0.039802
0.038856
0.038171
0.017040
0.013547
0.016359
0.017127
0.016320
0.014561
0.012838
0.013100
0.015384
0.017699
0.014988
0.021227
0.021885
0.019894
0.018197
0.018342
0.019584
0.020995
0.021870
0.022058
0.021480
0.022975
0.025771
0.028289
0.030485
0.032132
0.033323
0.034218
0.035029
0.037181
0.018584
0.022993
0.024285
0.023486
0.021190
0.020216
0.021211
0.023082
0.024522
0.024874
0.014868
0.019130
0.020276
0.019063
0.017233
0.015432
0.017760
0.021278
0.023154
0.022883
0.017522
0.015950
0.016191
0.018656
0.021957
0.024006
0.024108
0.023957
0.022762
0.025144
0.037269
0.038487
0.041165
0.041125
0.039640
0.037292
0.035652
0.034292
0.032214
0.029768
0.016794
0.018737
0.019266
0.019684
0.020720
0.021793
0.023400
0.025225
0.027218
0.029303
0.032236
0.029475
0.030566
0.031892
0.033306
0.034725
0.035882
0.036746
0.037405
0.038035
0.038199
0.037232
0.038279
0.039271
0.040113
0.040767
0.041297
0.042010
0.042402
0.042495
0.021556
0.023989
0.023449
0.022053
0.020023
0.018256
0.019272
0.020480
0.021622
0.022785
0.015987
0.016082
0.014937
0.013231
0.016092
0.019521
0.021865
0.022591
0.021167
0.019029
0.022477
0.025082
0.026011
0.027524
0.028379
0.028846
0.029851
0.030702
0.032484
0.034683
0.019774
0.019427
0.022021
0.023774
0.025365
0.028399
0.031429
0.034428
0.037409
0.040457
0.016873
0.021592
0.023326
0.022570
0.020082
0.017608
0.017857
0.019266
0.021457
0.022431
0.017228
0.024805
0.026956
0.026492
0.025833
0.025096
0.024350
0.027496
0.031147
0.034609
0.016364
0.020888
0.022619
0.023080
0.022682
0.023355
0.024753
0.026254
0.027990
0.030068
0.013124
0.014031
0.014798
0.015612
0.016791
0.018108
0.019546
0.022380
0.025862
0.029645
0.019776
0.017640
0.017744
0.018277
0.021036
0.024157
0.026467
0.026897
0.024845
0.022698
0.038628
0.036806
0.038020
0.041013
0.043944
0.045431
0.044799
0.042861
0.040622
0.039044
0.017220
0.020036
0.022935
0.023114
0.021451
0.018647
0.015307
0.013602
0.015365
0.018062
0.028850
0.030356
0.030381
0.028562
0.025754
0.024333
0.026151
0.027939
0.028855
0.028564
0.047238
0.048604
0.049104
0.051330
0.053685
0.055571
0.056522
0.056044
0.053624
0.053974
0.042526
0.043766
0.042096
0.042203
0.043172
0.044332
0.044974
0.044801
0.043589
0.042202
0.040714
0.044044
0.045540
0.045579
0.045017
0.044129
0.043066
0.042734
0.043379
0.043954
0.038989
0.040860
0.041111
0.041040
0.042012
0.043009
0.044006
0.044886
0.045375
0.045112
0.018494
0.025880
0.029670
0.030393
0.028546
0.025430
0.023878
0.023297
0.026397
0.028812
0.017194
0.018293
0.019729
0.021290
0.022754
0.024009
0.024982
0.026875
0.030279
0.034667
0.035526
0.037484
0.040658
0.042321
0.042255
0.040513
0.037324
0.033550
0.035545
0.039083
0.013445
0.018917
0.019914
0.018567
0.015728
0.012819
0.014546
0.016920
0.019101
0.019500
0.016292
0.014542
0.015648
0.014886
0.013345
0.012980
0.013524
0.014440
0.015779
0.017389
0.017470
0.014192
0.013747
0.013308
0.014953
0.016589
0.017913
0.018439
0.018375
0.016979
0.025441
0.028435
0.030399
0.029962
0.028521
0.029091
0.030739
0.032445
0.034255
0.034897
0.038541
0.043622
0.044571
0.042615
0.039989
0.037023
0.033831
0.031821
0.031381
0.030418
0.018419
0.020302
0.021347
0.022875
0.024454
0.026707
0.029279
0.031596
0.033556
0.035076
0.038222
0.035760
0.036105
0.036121
0.035928
0.035317
0.033651
0.031301
0.028973
0.028304
0.041916
0.041851
0.041558
0.040607
0.039823
0.039334
0.039189
0.038542
0.037335
0.035707
0.014314
0.019317
0.020374
0.020572
0.020508
0.021009
0.020909
0.021365
0.024265
0.026938
0.014497
0.014619
0.013310
0.011218
0.010590
0.011214
0.012515
0.013572
0.014289
0.015444
0.017217
0.015726
0.016674
0.018833
0.021195
0.022786
0.023011
0.022306
0.021690
0.022436
0.019644
0.017317
0.017169
0.016243
0.015451
0.017164
0.018673
0.019566
0.019666
0.018994
0.019009
0.026433
0.027119
0.026400
0.025982
0.025560
0.026449
0.028453
0.031444
0.033925
0.018192
0.021725
0.022828
0.021755
0.019634
0.018344
0.018015
0.018403
0.019311
0.019385
0.018141
0.027591
0.029027
0.026605
0.024894
0.023161
0.021855
0.021840
0.022855
0.023995
0.020853
0.019250
0.020333
0.021614
0.023167
0.024158
0.025295
0.027030
0.029039
0.031050
0.019735
0.021084
0.021140
0.021336
0.021446
0.021479
0.021521
0.022041
0.022616
0.022826
0.027306
0.027926
0.029114
0.030646
0.032285
0.033497
0.033739
0.035044
0.036901
0.039875
0.013104
0.018314
0.018413
0.019221
0.021208
0.023040
0.024212
0.024598
0.027740
0.031899
0.020309
0.020522
0.019849
0.019714
0.020388
0.021772
0.023292
0.024049
0.023780
0.022361
0.015063
0.020860
0.022235
0.020923
0.019033
0.017694
0.017596
0.017563
0.017687
0.018236
0.017764
0.018099
0.018808
0.019616
0.020311
0.020767
0.020874
0.020795
0.020124
0.019580
0.035552
0.035067
0.036354
0.038236
0.040447
0.041815
0.041781
0.040745
0.038817
0.038631
0.017258
0.020215
0.020800
0.020277
0.019506
0.020278
0.021853
0.023096
0.023656
0.023913
0.015196
0.020545
0.021801
0.020599
0.017783
0.015740
0.017324
0.019069
0.021058
0.022076
0.016200
0.017169
0.016903
0.015116
0.015548
0.018179
0.020286
0.021847
0.023326
0.024742
0.015035
0.019918
0.020011
0.018032
0.016489
0.017683
0.018894
0.020133
0.021442
0.022894
0.018232
0.022333
0.021696
0.020258
0.020457
0.021210
0.022560
0.023670
0.023250
0.020931
0.033374
0.030359
0.030366
0.029127
0.027474
0.025597
0.024281
0.023734
0.022971
0.021739
0.013672
0.019272
0.022601
0.023485
0.022751
0.021164
0.019347
0.017214
0.015851
0.016065
0.035371
0.035382
0.036469
0.037168
0.038213
0.039300
0.040492
0.042020
0.044276
0.046426
0.016309
0.016593
0.018759
0.019855
0.020565
0.021154
0.021731
0.020918
0.020216
0.020690
0.035360
0.036278
0.034293
0.034178
0.034992
0.036294
0.037076
0.037039
0.036454
0.036087
0.020682
0.030735
0.036561
0.038233
0.035688
0.029308
0.022890
0.024386
0.032860
0.038988
0.017181
0.019482
0.020877
0.020315
0.018659
0.017850
0.017559
0.017788
0.018856
0.019367
0.036270
0.034643
0.034755
0.034090
0.032306
0.031202
0.030388
0.030066
0.029787
0.029450
0.026952
0.023968
0.025261
0.025086
0.024124
0.022639
0.021562
0.021037
0.019533
0.016754
0.019064
0.023313
0.024826
0.025369
0.026182
0.026724
0.026923
0.027627
0.028632
0.030426
0.016095
0.009437
0.008842
0.009161
0.010600
0.012049
0.013442
0.014744
0.015540
0.017124
0.013194
0.018339
0.017912
0.017310
0.016847
0.017834
0.019083
0.019879
0.020083
0.019871
0.021072
0.025830
0.028580
0.029831
0.030286
0.030307
0.031232
0.034189
0.037483
0.040800
0.040561
0.048039
0.047386
0.046759
0.046111
0.046284
0.045999
0.046355
0.047318
0.047228
0.013497
0.014135
0.015733
0.015482
0.014343
0.012803
0.011820
0.010986
0.011946
0.013265
0.031605
0.029451
0.029767
0.031103
0.032138
0.032590
0.032850
0.033722
0.034111
0.034340
0.016107
0.017548
0.019586
0.020791
0.021881
0.023349
0.024284
0.024477
0.023132
0.021485
0.016375
0.019833
0.019939
0.020908
0.021908
0.022467
0.024252
0.027045
0.029488
0.031478
0.034890
0.039149
0.039610
0.038800
0.038252
0.037423
0.037316
0.038174
0.038992
0.039629
0.019731
0.019961
0.019852
0.020589
0.022183
0.025018
0.028255
0.029930
0.029358
0.027523
0.020437
0.026256
0.032274
0.037050
0.040103
0.041360
0.040915
0.039159
0.037329
0.039595
0.033055
0.030123
0.030666
0.031586
0.033515
0.035893
0.037900
0.039116
0.039270
0.038171
0.014596
0.017032
0.019614
0.020808
0.021866
0.024237
0.027114
0.030176
0.033228
0.036311
0.013727
0.016319
0.016430
0.016632
0.017055
0.018302
0.019747
0.020952
0.022284
0.024231
0.015869
0.026661
0.028670
0.027507
0.024638
0.020905
0.019042
0.018920
0.019352
0.019935
0.027841
0.031052
0.031009
0.030086
0.029773
0.030313
0.031071
0.031636
0.031822
0.031589
0.019740
0.022728
0.025414
0.026949
0.028079
0.029511
0.030767
0.033327
0.036483
0.039520
0.025116
0.025623
0.024715
0.025258
0.026173
0.026956
0.027352
0.027506
0.028290
0.028756
0.013325
0.015762
0.013410
0.012471
0.013791
0.015386
0.015122
0.014994
0.014972
0.016310
0.045039
0.044551
0.046370
0.048588
0.050797
0.052555
0.053365
0.052674
0.049947
0.045316
0.031440
0.036774
0.037351
0.037069
0.035711
0.034700
0.034127
0.033648
0.033382
0.034024
0.016925
0.020264
0.022382
0.022997
0.022332
0.020765
0.018437
0.015488
0.012911
0.013723
0.047879
0.051659
0.052637
0.053225
0.053403
0.053388
0.053048
0.052446
0.052179
0.052057
0.015700
0.017506
0.017756
0.017309
0.020204
0.024033
0.026858
0.028007
0.026914
0.025396
0.048143
0.051127
0.052597
0.053786
0.054275
0.053721
0.051752
0.050196
0.048555
0.047285
0.018753
0.018775
0.020266
0.021881
0.024024
0.026679
0.029183
0.031471
0.033342
0.034692
0.015174
0.022390
0.021905
0.020636
0.018990
0.017768
0.018775
0.019925
0.021160
0.022562
0.018912
0.022928
0.022812
0.020693
0.020830
0.021551
0.022442
0.024141
0.026981
0.029337
0.014517
0.015334
0.016782
0.020401
0.024290
0.027912
0.030886
0.032878
0.033457
0.032149
0.016777
0.021898
0.023216
0.022775
0.020941
0.019878
0.021410
0.024343
0.027083
0.027806
0.014543
0.016353
0.016110
0.015958
0.016969
0.018387
0.019986
0.021199
0.022758
0.025251
0.017709
0.022069
0.023315
0.021816
0.019491
0.019756
0.022412
0.024742
0.026451
0.026879
0.034452
0.032449
0.033533
0.034216
0.034625
0.034683
0.034652
0.034653
0.035092
0.035809
0.016149
0.016312
0.014603
0.012725
0.012920
0.014659
0.015972
0.016722
0.017530
0.018505
0.017128
0.022412
0.022819
0.022654
0.022719
0.022974
0.024019
0.025207
0.026514
0.028152
0.017946
0.020131
0.021193
0.019666
0.016965
0.017457
0.019142
0.021349
0.022799
0.023010
0.017993
0.019403
0.022879
0.025481
0.027285
0.028570
0.029397
0.032130
0.034894
0.037682
0.033442
0.031179
0.030678
0.030484
0.030628
0.030563
0.030095
0.029119
0.027718
0.026265
0.027200
0.033287
0.034316
0.034297
0.034264
0.034471
0.034957
0.035038
0.034666
0.033860
0.028994
0.028481
0.030243
0.031073
0.031190
0.030429
0.028592
0.025850
0.022354
0.021391
0.024142
0.026066
0.026662
0.025701
0.023800
0.021409
0.019584
0.019478
0.019500
0.019034
0.019579
0.016378
0.018988
0.022791
0.026439
0.028929
0.029354
0.027929
0.026354
0.027445
0.016073
0.017456
0.018891
0.019439
0.019705
0.019553
0.018966
0.017819
0.018037
0.018339
0.013941
0.020563
0.022239
0.020890
0.017397
0.015950
0.016992
0.018722
0.020565
0.021440
0.016096
0.015185
0.015285
0.015697
0.016988
0.018741
0.020721
0.022434
0.023984
0.025585
0.032849
0.030353
0.029984
0.029542
0.029244
0.029312
0.029661
0.029541
0.028909
0.027538
0.023627
0.025806
0.025859
0.024525
0.022788
0.021574
0.021446
0.022053
0.022457
0.021921
0.018735
0.017929
0.020146
0.022760
0.025665
0.028591
0.031538
0.034459
0.037371
0.040461
0.016598
0.023523
0.026042
0.025536
0.022999
0.020458
0.019679
0.021185
0.024138
0.025817
0.017675
0.017639
0.018599
0.020319
0.022408
0.023983
0.025151
0.026322
0.028056
0.030522
0.015212
0.018811
0.017675
0.016684
0.017559
0.018913
0.019716
0.019992
0.020836
0.021911
0.023440
0.025376
0.024718
0.022536
0.021132
0.022002
0.023220
0.023890
0.023644
0.021912
0.011914
0.009245
0.010989
0.012120
0.013060
0.014205
0.016579
0.019454
0.022648
0.025897
0.019223
0.024308
0.024657
0.023804
0.022690
0.022647
0.024008
0.025550
0.026233
0.026324
