0.032755
0.037159
0.037862
0.039280
0.040976
0.043081
0.045532
0.048541
0.050916
0.051255
0.015750
0.019001
0.021563
0.023486
0.026119
0.030297
0.036247
0.042857
0.047577
0.048537
0.016308
0.021578
0.022609
0.024007
0.026139
0.030248
0.035914
0.042285
0.046958
0.048177
0.019651
0.024740
0.026709
0.029050
0.032103
0.036932
0.043375
0.050298
0.055404
0.056974
0.021324
0.026437
0.027466
0.028798
0.030721
0.033882
0.038301
0.042902
0.045618
0.044916
0.033965
0.037519
0.038154
0.039047
0.040229
0.041896
0.043843
0.045780
0.047186
0.048546
0.015815
0.016335
0.016978
0.018076
0.020453
0.024332
0.029424
0.034044
0.035730
0.033421
0.019654
0.023841
0.024223
0.024631
0.025972
0.027939
0.030650
0.034368
0.036210
0.037293
0.020121
0.024982
0.026755
0.028089
0.030093
0.032856
0.036933
0.041858
0.045479
0.048672
0.021230
0.027261
0.028257
0.028711
0.029357
0.030455
0.032108
0.035153
0.037050
0.036957
0.033211
0.042675
0.042463
0.042802
0.043387
0.044631
0.046356
0.048683
0.051489
0.054128
0.016431
0.019819
0.020583
0.020980
0.023281
0.026269
0.029838
0.034259
0.039328
0.044328
0.016419
0.021478
0.020353
0.019298
0.018701
0.019487
0.020930
0.023134
0.027140
0.031565
0.025844
0.027006
0.026247
0.025393
0.024761
0.025138
0.026789
0.029997
0.034860
0.040562
0.026798
0.032738
0.032375
0.031809
0.031391
0.031371
0.031805
0.032937
0.035585
0.039753
0.034843
0.037389
0.039079
0.040128
0.041047
0.042557
0.044344
0.046276
0.047894
0.048521
0.017034
0.018222
0.021249
0.024063
0.026827
0.030294
0.034188
0.038458
0.042731
0.045927
0.016311
0.014980
0.015957
0.016113
0.016403
0.017672
0.019754
0.022709
0.026197
0.029727
0.025574
0.022017
0.023249
0.023838
0.024445
0.026084
0.028691
0.032253
0.036112
0.038918
0.031013
0.030434
0.031473
0.032467
0.033485
0.035086
0.036865
0.038650
0.040028
0.040464
0.032625
0.037568
0.038766
0.039747
0.041675
0.044260
0.047897
0.051466
0.052944
0.052051
0.016058
0.021902
0.025424
0.028493
0.032578
0.038316
0.045369
0.051661
0.054668
0.053525
0.016583
0.021661
0.025015
0.028004
0.031810
0.037298
0.043884
0.049504
0.051967
0.050940
0.020363
0.026604
0.030583
0.034094
0.038563
0.044764
0.052176
0.058784
0.062197
0.061590
0.021578
0.027840
0.030781
0.033181
0.036362
0.040809
0.046041
0.050302
0.051528
0.049130
0.033102
0.041927
0.043572
0.044451
0.046266
0.048517
0.051385
0.054822
0.059319
0.062634
0.016917
0.021582
0.023445
0.024772
0.027657
0.031697
0.036495
0.042126
0.048340
0.053956
0.016527
0.020717
0.021567
0.022220
0.023459
0.025494
0.028762
0.033361
0.038551
0.042489
0.026001
0.026892
0.027893
0.028554
0.029754
0.031941
0.035620
0.040993
0.047402
0.052908
0.026577
0.030857
0.031332
0.031683
0.032461
0.034071
0.036944
0.041194
0.046119
0.049901
0.035361
0.038939
0.038668
0.039673
0.041107
0.043034
0.044746
0.046225
0.047653
0.049368
0.016555
0.015116
0.013940
0.012901
0.013859
0.016465
0.019958
0.023476
0.025385
0.026605
0.019829
0.022253
0.022057
0.022728
0.023928
0.025114
0.026498
0.028587
0.031067
0.033620
0.018878
0.022745
0.024217
0.025457
0.026891
0.028798
0.031552
0.035330
0.039367
0.042767
0.021406
0.026087
0.026581
0.026525
0.026554
0.026866
0.027510
0.028274
0.028557
0.028700
0.034764
0.036375
0.038068
0.039226
0.040536
0.042026
0.043796
0.045746
0.047476
0.048337
0.017372
0.018340
0.021539
0.024489
0.027654
0.031101
0.034964
0.039212
0.043584
0.047037
0.016543
0.014564
0.015659
0.015892
0.016399
0.017701
0.019548
0.022381
0.025857
0.029690
0.025978
0.022355
0.023594
0.024275
0.025210
0.026719
0.029143
0.032517
0.036302
0.039270
0.031347
0.030682
0.031901
0.033112
0.034627
0.036322
0.038205
0.040137
0.041744
0.042496
