0.215359
0.207160
0.204858
0.204292
0.203912
0.205128
0.206226
0.207202
0.208052
0.208773
0.050640
0.057652
0.049287
0.039812
0.031021
0.029425
0.031592
0.035743
0.039765
0.044324
0.027164
0.040550
0.034762
0.025708
0.018231
0.016350
0.023042
0.030661
0.037876
0.044713
0.018810
0.044319
0.041953
0.033220
0.023659
0.019494
0.023118
0.029846
0.037069
0.043852
0.018688
0.039324
0.038932
0.030808
0.023371
0.019525
0.025908
0.032946
0.040340
0.047133
0.017274
0.036327
0.036417
0.028410
0.018598
0.016460
0.023575
0.031427
0.038876
0.045634
0.028386
0.034596
0.037138
0.030882
0.021219
0.017348
0.020009
0.027620
0.034698
0.040787
0.017929
0.038430
0.040520
0.035181
0.026875
0.019728
0.020285
0.027490
0.033744
0.039057
0.033658
0.027567
0.032992
0.031092
0.024348
0.021448
0.023025
0.029317
0.035951
0.041159
0.023470
0.031300
0.039601
0.040593
0.037504
0.032684
0.029850
0.030680
0.032835
0.036205
0.017667
0.017848
0.020716
0.020667
0.018651
0.017606
0.017822
0.021011
0.024409
0.027389
0.034900
0.035499
0.033691
0.034071
0.034390
0.034604
0.034670
0.034599
0.034439
0.034623
0.028771
0.017921
0.016478
0.016301
0.017336
0.018330
0.019322
0.020347
0.021422
0.022555
0.013571
0.012649
0.011716
0.011522
0.012919
0.014387
0.015364
0.015940
0.016152
0.017881
0.029075
0.027112
0.027650
0.028469
0.029193
0.029832
0.030464
0.031019
0.031544
0.032103
0.021875
0.022993
0.023127
0.022714
0.022070
0.021789
0.021874
0.021830
0.021550
0.020949
0.019549
0.020342
0.020579
0.020672
0.020816
0.020886
0.020894
0.020835
0.020796
0.020907
0.014384
0.014377
0.014889
0.015437
0.015759
0.016172
0.017379
0.019538
0.022106
0.024096
0.016994
0.015796
0.015705
0.015488
0.014972
0.014875
0.015125
0.015303
0.015302
0.014898
0.017350
0.017872
0.016932
0.016920
0.017999
0.019009
0.019418
0.019149
0.019341
0.020539
0.018094
0.016419
0.016639
0.016686
0.017238
0.017850
0.018485
0.019482
0.020657
0.021503
0.021483
0.023364
0.024429
0.025516
0.026467
0.027256
0.028348
0.029634
0.031031
0.032462
0.021655
0.019202
0.020116
0.021298
0.022324
0.023019
0.023470
0.023718
0.023938
0.024354
0.023283
0.023911
0.024716
0.026044
0.027110
0.027549
0.027719
0.027970
0.028258
0.028548
0.026968
0.030531
0.030343
0.030746
0.031408
0.032179
0.033003
0.033860
0.034737
0.035641
0.015789
0.013293
0.015031
0.016860
0.018192
0.018624
0.017858
0.015796
0.015231
0.016760
0.019130
0.016910
0.017653
0.018450
0.019317
0.020002
0.020565
0.021139
0.021567
0.022253
0.016512
0.022642
0.026520
0.028325
0.027973
0.025478
0.022832
0.024020
0.025173
0.027040
0.015984
0.019898
0.021605
0.022743
0.023088
0.022653
0.021870
0.021617
0.021183
0.020962
0.019304
0.019816
0.020073
0.020512
0.021285
0.022158
0.023173
0.024373
0.025770
0.027325
0.018348
0.015274
0.015821
0.017038
0.018441
0.019648
0.020437
0.020607
0.020022
0.018715
0.017589
0.018841
0.020177
0.020827
0.020821
0.020299
0.019960
0.020050
0.020438
0.021037
0.021259
0.023165
0.023368
0.022572
0.021491
0.021852
0.022520
0.023527
0.024333
0.024978
0.016348
0.011691
0.009887
0.009045
0.010264
0.011911
0.013313
0.014418
0.015722
0.017016
0.015933
0.017656
0.018088
0.018291
0.018036
0.017655
0.018359
0.020414
0.022537
0.024088
0.011883
0.011390
0.011713
0.011902
0.012829
0.014199
0.015657
0.017214
0.018879
0.020646
0.017085
0.014440
0.015187
0.015172
0.015548
0.015892
0.016525
0.017043
0.017326
0.017333
0.015672
0.013288
0.014040
0.014546
0.015136
0.015789
0.016370
0.016869
0.017252
0.017650
0.026741
0.031553
0.031502
0.031727
0.031997
0.032409
0.033018
0.033846
0.034859
0.035974
0.015044
0.017481
0.017736
0.018545
0.018723
0.018134
0.018055
0.019167
0.021322
0.023325
0.026947
0.031922
0.032024
0.032317
0.032710
0.033048
0.033674
0.034524
0.035423
0.036353
0.023574
0.028839
0.029669
0.030615
0.030360
0.029752
0.029988
0.030892
0.031824
0.032797
0.015917
0.014459
0.015202
0.016060
0.016688
0.016879
0.017249
0.017893
0.018474
0.019933
0.014283
0.015577
0.015903
0.016122
0.016472
0.017041
0.017842
0.018782
0.019664
0.020252
0.020947
0.024845
0.024939
0.025306
0.025850
0.026585
0.027457
0.028482
0.029654
0.030941
0.014573
0.014810
0.015459
0.016163
0.017113
0.018167
0.019343
0.020666
0.022178
0.023824
0.028436
0.035283
0.035888
0.036447
0.036582
0.036202
0.035931
0.036615
0.037322
0.038062
0.016764
0.018848
0.019203
0.019316
0.019406
0.019597
0.019969
0.020540
0.021237
0.021897
0.020170
0.019754
0.021100
0.022925
0.024624
0.025688
0.026164
0.026562
0.027089
0.027471
0.018692
0.016712
0.018063
0.019562
0.020901
0.022070
0.023084
0.023961
0.024736
0.025481
0.032061
0.035886
0.036473
0.037701
0.038881
0.039710
0.039822
0.039505
0.038933
0.038682
0.021216
0.023490
0.023525
0.023695
0.023894
0.024091
0.024581
0.025520
0.027099
0.028457
0.024619
0.026562
0.028519
0.031484
0.033483
0.033964
0.033874
0.032767
0.032768
0.032781
0.029258
0.032447
0.033047
0.033999
0.034748
0.035476
0.036217
0.036538
0.036511
0.036540
0.023423
0.028596
0.028685
0.028589
0.028560
0.028704
0.029371
0.030238
0.031180
0.032207
0.019324
0.015844
0.017419
0.018931
0.020265
0.021411
0.022404
0.023280
0.024086
0.024943
0.025642
0.032572
0.034096
0.035418
0.035283
0.033883
0.033683
0.034467
0.035255
0.036071
0.022223
0.021302
0.021684
0.022106
0.022476
0.022921
0.023265
0.023389
0.023274
0.023379
0.011175
0.010836
0.011197
0.011510
0.011838
0.012399
0.013119
0.013960
0.014803
0.015474
0.015859
0.017213
0.017019
0.016756
0.017137
0.017705
0.018396
0.018949
0.019412
0.019929
0.019300
0.023803
0.025393
0.025984
0.025543
0.024601
0.025169
0.026229
0.027322
0.028467
0.012099
0.013829
0.014970
0.016343
0.017395
0.017701
0.017079
0.016173
0.016181
0.017970
0.014600
0.016720
0.016649
0.017446
0.018848
0.020026
0.020697
0.020713
0.020152
0.020156
0.022297
0.028030
0.029803
0.030750
0.030515
0.029062
0.029548
0.030472
0.031413
0.032390
0.020478
0.026432
0.027320
0.027477
0.026825
0.027289
0.028154
0.029080
0.030064
0.031119
0.020289
0.018573
0.019215
0.020044
0.020603
0.020945
0.021107
0.021110
0.021034
0.020975
0.014598
0.015021
0.016716
0.017254
0.016952
0.016486
0.015948
0.015138
0.015082
0.015263
0.015256
0.016756
0.017308
0.017744
0.017524
0.017013
0.017462
0.019283
0.021603
0.023454
0.013363
0.016548
0.018386
0.019198
0.019227
0.018598
0.018269
0.018170
0.018237
0.019095
0.027472
0.030098
0.033041
0.036300
0.038953
0.039687
0.039432
0.037604
0.035771
0.035567
0.013504
0.018236
0.020237
0.020714
0.020261
0.018905
0.017524
0.017141
0.018142
0.019631
0.026332
0.033887
0.033529
0.033434
0.033667
0.033993
0.034442
0.035052
0.035858
0.036833
0.018804
0.017525
0.017983
0.018787
0.019543
0.020099
0.020468
0.020534
0.020907
0.021337
0.012988
0.014928
0.014751
0.014483
0.014994
0.016064
0.016935
0.017399
0.017681
0.018124
0.014891
0.016613
0.018374
0.019681
0.019992
0.018895
0.016318
0.016621
0.019792
0.022822
