0.200452
0.208704
0.210906
0.211704
0.212363
0.212984
0.213547
0.214055
0.214509
0.214912
0.045685
0.040076
0.032687
0.027767
0.025069
0.025213
0.025561
0.029831
0.035282
0.040639
0.040054
0.032869
0.024897
0.019486
0.018604
0.020952
0.025853
0.030862
0.035811
0.040782
0.047799
0.044719
0.037556
0.031905
0.030136
0.031733
0.034855
0.039935
0.044926
0.050667
0.043248
0.035182
0.025292
0.020228
0.022983
0.030315
0.037460
0.045796
0.054425
0.062971
0.049720
0.048457
0.038810
0.031550
0.028270
0.029527
0.031518
0.034215
0.040098
0.046612
0.047952
0.046192
0.038902
0.033925
0.031919
0.034290
0.040339
0.046822
0.054704
0.062389
0.051620
0.042657
0.033122
0.027123
0.029363
0.034843
0.041328
0.047921
0.054844
0.063032
0.049317
0.041415
0.034173
0.028199
0.026707
0.029984
0.034953
0.039807
0.044554
0.049201
0.049959
0.047129
0.037556
0.031398
0.030135
0.032685
0.039075
0.045559
0.053555
0.061475
0.052694
0.042165
0.036143
0.031970
0.030899
0.033924
0.037006
0.039950
0.043559
0.048048
0.030354
0.040885
0.030846
0.023248
0.020512
0.018980
0.019508
0.023216
0.028592
0.034021
0.054719
0.045693
0.038832
0.032097
0.029724
0.030302
0.030883
0.031909
0.036767
0.042079
0.032937
0.035723
0.027032
0.020096
0.017885
0.020531
0.025560
0.030638
0.035630
0.040523
0.036243
0.043034
0.035185
0.027842
0.022988
0.024055
0.029447
0.035261
0.040917
0.046428
0.046941
0.043256
0.036298
0.032072
0.030305
0.032289
0.035152
0.037802
0.040401
0.044443
0.038223
0.051925
0.043839
0.036758
0.029811
0.027048
0.029130
0.034743
0.040189
0.045481
0.037703
0.044445
0.032889
0.025105
0.020869
0.022900
0.027665
0.035409
0.043092
0.050808
0.026046
0.052271
0.040225
0.030041
0.021438
0.022290
0.025405
0.029868
0.035254
0.040819
0.031663
0.051312
0.040498
0.030839
0.022288
0.017876
0.017937
0.022758
0.029461
0.036013
0.045676
0.061110
0.049378
0.040270
0.037207
0.038550
0.043735
0.051007
0.057819
0.064246
0.041603
0.059058
0.047740
0.037325
0.033076
0.032735
0.038766
0.046060
0.052902
0.059359
0.019396
0.042821
0.033477
0.025869
0.021895
0.020485
0.020071
0.023358
0.027337
0.031893
0.018821
0.050928
0.039119
0.028822
0.019330
0.018064
0.020401
0.025431
0.030545
0.035569
0.017178
0.039388
0.031341
0.024004
0.019872
0.018656
0.017614
0.021521
0.025824
0.031014
0.014968
0.040366
0.031768
0.024435
0.019018
0.018320
0.020191
0.024214
0.028378
0.033413
0.025813
0.052185
0.040917
0.029317
0.021769
0.021113
0.026095
0.034059
0.041610
0.048834
0.027510
0.049155
0.037456
0.025464
0.015398
0.018571
0.028000
0.036740
0.044863
0.052444
0.021422
0.054977
0.044638
0.034236
0.024460
0.018583
0.021152
0.027187
0.033856
0.040202
0.036493
0.065037
0.055888
0.047815
0.040849
0.034714
0.036889
0.041200
0.045263
0.049113
0.034514
0.064361
0.052292
0.039371
0.030514
0.031815
0.039910
0.047891
0.055328
0.062317
0.025312
0.055021
0.041525
0.029382
0.021478
0.024236
0.029932
0.036783
0.043636
0.050161
0.026578
0.045791
0.040498
0.032960
0.028331
0.029379
0.032653
0.035765
0.038942
0.043160
0.017002
0.045407
0.036090
0.028205
0.021983
0.019075
0.020005
0.023614
0.028194
0.032550
0.043066
0.067433
0.056810
0.044561
0.039430
0.038412
0.043643
0.050006
0.055844
0.061258
0.026593
0.051640
0.044324
0.036786
0.030738
0.028957
0.031857
0.036552
0.041175
0.045790
0.022325
0.043638
0.039229
0.031139
0.027618
0.028931
0.032091
0.035277
0.038471
0.042742
0.019124
0.039550
0.032591
0.026308
0.021535
0.019312
0.018404
0.022283
0.027333
0.032116
0.024721
0.046975
0.040408
0.033429
0.032823
0.033276
0.033653
0.034045
0.037457
0.040916
0.015606
0.035515
0.029827
0.022488
0.017293
0.016192
0.016270
0.019404
0.023718
0.028872
0.027559
0.054195
0.043931
0.032869
0.026842
0.027054
0.030913
0.037214
0.044400
0.051049
0.021725
0.043659
0.039723
0.031614
0.026896
0.028179
0.031529
0.034720
0.037815
0.041811
0.020572
0.054577
0.044786
0.033097
0.022520
0.022745
0.025777
0.032272
0.038397
0.044515
0.021233
0.051106
0.042283
0.032066
0.024100
0.023125
0.027163
0.031892
0.036772
0.041404
0.016482
0.034812
0.029135
0.024026
0.020648
0.019487
0.020000
0.023978
0.028635
0.033381
0.015750
0.038735
0.035778
0.027654
0.019451
0.018096
0.020113
0.024707
0.029751
0.034629
0.020338
0.055838
0.047203
0.036969
0.027332
0.024865
0.026732
0.029543
0.034960
0.040547
0.021413
0.052718
0.044148
0.033600
0.024562
0.021993
0.025360
0.030315
0.035016
0.039382
0.020298
0.042735
0.038610
0.031606
0.028389
0.029426
0.032465
0.035470
0.039027
0.042886
0.037998
0.060269
0.055786
0.047008
0.038689
0.037513
0.040677
0.043994
0.047065
0.050296
0.015540
0.035093
0.031432
0.024191
0.016977
0.018449
0.020950
0.025741
0.030813
0.035673
0.014237
0.040331
0.033404
0.023666
0.014557
0.014241
0.017066
0.022925
0.029417
0.035386
0.021454
0.042051
0.038164
0.030239
0.022182
0.016743
0.017410
0.022743
0.027914
0.032927
0.016866
0.038053
0.033364
0.026029
0.018619
0.013678
0.017392
0.022207
0.026717
0.031859
0.020413
0.057913
0.047801
0.035621
0.024987
0.024367
0.027965
0.032856
0.038037
0.043803
0.027847
0.071721
0.060943
0.048336
0.037149
0.032788
0.034573
0.040964
0.047829
0.054303
0.019483
0.039480
0.036739
0.029174
0.021352
0.020965
0.023205
0.025833
0.029852
0.035165
0.014105
0.033976
0.031360
0.023778
0.015989
0.016964
0.019743
0.024864
0.029782
0.034512
0.019876
0.045847
0.039497
0.032302
0.025643
0.022656
0.025569
0.029052
0.033264
0.037164
0.025717
0.046603
0.042689
0.034503
0.026553
0.020688
0.024253
0.029533
0.034683
0.039515
0.017441
0.045351
0.039739
0.030012
0.021496
0.017612
0.020020
0.025374
0.030512
0.035805
0.021689
0.048643
0.045854
0.037215
0.029948
0.027407
0.030263
0.033245
0.036238
0.039971
0.019534
0.049554
0.041862
0.028984
0.019701
0.019237
0.025158
0.032187
0.039269
0.046467
0.020581
0.047339
0.043636
0.035995
0.032768
0.032925
0.033116
0.034048
0.037407
0.040579
0.022660
0.054784
0.049897
0.042734
0.038178
0.036141
0.038148
0.040013
0.042055
0.045335
0.014213
0.042765
0.038913
0.029523
0.019823
0.014434
0.018524
0.025263
0.031390
0.037229
0.013311
0.039838
0.038725
0.031291
0.023218
0.020986
0.023596
0.028136
0.033094
0.037914
0.016175
0.038016
0.034426
0.028366
0.025961
0.026502
0.027013
0.028870
0.032305
0.036950
0.021314
0.041190
0.038093
0.033218
0.032412
0.032790
0.033185
0.033724
0.037206
0.040473
0.016010
0.041500
0.036755
0.026953
0.017222
0.014721
0.018515
0.023942
0.029815
0.035633
0.012444
0.034655
0.030579
0.023528
0.017368
0.015773
0.017659
0.021832
0.026901
0.031737
0.014478
0.035726
0.033092
0.027066
0.025107
0.025599
0.026081
0.029519
0.033884
0.038359
0.026595
0.051242
0.046459
0.038356
0.030222
0.025624
0.028918
0.033413
0.037552
0.041763
0.022010
0.040682
0.037551
0.031049
0.024056
0.018159
0.020264
0.025663
0.030549
0.034979
0.036050
0.070023
0.064797
0.053611
0.048416
0.048132
0.050501
0.056647
0.063199
0.068954
0.018639
0.046229
0.044617
0.036060
0.027992
0.024766
0.027751
0.031019
0.034999
0.039566
0.017099
0.031811
0.030137
0.025697
0.022659
0.021768
0.022547
0.026657
0.031395
0.036137
0.020461
0.044941
0.041198
0.031976
0.023360
0.021865
0.025863
0.030649
0.035528
0.039981
0.014064
0.031954
0.029145
0.022422
0.018393
0.016433
0.018254
0.022669
0.027793
0.032480
0.039936
0.064665
0.063995
0.055316
0.046075
0.044706
0.047362
0.050660
0.054370
0.058255
0.030022
0.063017
0.058448
0.046040
0.036140
0.033587
0.037281
0.044936
0.051695
0.057646
0.015268
0.038086
0.036407
0.029672
0.027472
0.027753
0.028098
0.029945
0.033743
0.038438
0.017798
0.042634
0.041083
0.033887
0.030687
0.030860
0.031094
0.032627
0.036042
0.039592
0.021447
0.046041
0.042127
0.031544
0.021490
0.023163
0.028799
0.035335
0.041765
0.047755
0.038066
0.057973
0.056600
0.049324
0.046616
0.045238
0.049423
0.053624
0.057363
0.060642
0.019577
0.039699
0.038939
0.032649
0.031031
0.031337
0.031679
0.032927
0.036445
0.040693
0.015147
0.044246
0.042220
0.031863
0.021128
0.015316
0.017435
0.026255
0.034223
0.041451
0.027493
0.048285
0.042526
0.031845
0.024200
0.023628
0.028107
0.035278
0.041693
0.047551
0.028132
0.046135
0.044323
0.036752
0.028433
0.023409
0.025275
0.030219
0.035182
0.039747
0.026366
0.039781
0.038005
0.031567
0.025159
0.021397
0.023508
0.028767
0.033507
0.037856
0.015420
0.031966
0.029915
0.023635
0.019106
0.018506
0.020594
0.024607
0.029258
0.033472
0.012747
0.033283
0.033212
0.026116
0.017964
0.013905
0.016234
0.020293
0.025284
0.030067
0.018620
0.034682
0.033586
0.027074
0.019678
0.019662
0.022981
0.026856
0.031355
0.035631
0.016124
0.039434
0.037576
0.028990
0.019999
0.017063
0.019989
0.025294
0.031489
0.036993
0.017297
0.047346
0.045282
0.033620
0.020782
0.016949
0.022528
0.030032
0.037471
0.044427
0.013596
0.034270
0.034330
0.028528
0.022908
0.021370
0.022157
0.026377
0.031433
0.036300
0.034469
0.059580
0.056490
0.046885
0.040984
0.041116
0.045289
0.051884
0.057836
0.062942
0.038127
0.063946
0.062056
0.053165
0.047083
0.045649
0.049859
0.056596
0.062643
0.067816
0.020123
0.037929
0.037800
0.030758
0.022420
0.015459
0.016354
0.021662
0.027104
0.032122
0.018708
0.042641
0.042323
0.036036
0.032937
0.032565
0.032654
0.034233
0.037499
0.040520
0.017966
0.031383
0.030087
0.024162
0.018694
0.018444
0.021593
0.025412
0.029274
0.033397
0.017840
0.044887
0.043080
0.032908
0.022302
0.016888
0.021368
0.029701
0.037091
0.043646
0.034348
0.054682
0.055298
0.048429
0.040463
0.039609
0.042863
0.046210
0.049863
0.053842
0.023453
0.058711
0.058460
0.047925
0.035939
0.032913
0.034024
0.038133
0.042767
0.047304
0.032174
0.051492
0.049284
0.038717
0.029976
0.028703
0.031822
0.038698
0.045378
0.051327
0.024092
0.053039
0.052439
0.042417
0.031374
0.029593
0.033999
0.039691
0.045944
0.051501
0.034342
0.054100
0.054728
0.047819
0.039241
0.035859
0.037990
0.041667
0.045089
0.048431
0.028858
0.042260
0.041678
0.035826
0.033797
0.033161
0.036974
0.041508
0.045533
0.049264
0.018966
0.042830
0.043364
0.034529
0.023721
0.021335
0.024604
0.030145
0.035431
0.041225
0.025556
0.036855
0.036678
0.031411
0.025854
0.023482
0.025741
0.030842
0.035283
0.039115
0.017823
0.043808
0.044726
0.035880
0.024830
0.021710
0.024194
0.028818
0.033475
0.037771
0.015131
0.035006
0.035308
0.027341
0.017822
0.013836
0.017524
0.024539
0.030840
0.036392
0.035694
0.055123
0.054298
0.044264
0.036792
0.036688
0.039032
0.044810
0.051201
0.056529
0.021026
0.041095
0.041592
0.033650
0.024391
0.019829
0.022954
0.029991
0.036129
0.041428
0.012564
0.030044
0.031982
0.026157
0.018339
0.013005
0.014249
0.019312
0.024298
0.028868
0.029912
0.044142
0.044263
0.038251
0.033224
0.033549
0.038423
0.042794
0.046639
0.049957
0.039534
0.055645
0.055208
0.045440
0.039171
0.039575
0.042406
0.048485
0.054618
0.059629
0.037539
0.052792
0.051095
0.041890
0.037635
0.036980
0.041125
0.047672
0.053177
0.057668
0.022422
0.036579
0.038594
0.034937
0.031474
0.030734
0.033817
0.036544
0.039038
0.041961
0.035167
0.059483
0.059886
0.050180
0.045797
0.045953
0.048263
0.054799
0.061682
0.067464
0.027471
0.043017
0.044149
0.038696
0.031390
0.023809
0.023974
0.029043
0.033630
0.037528
0.026299
0.039270
0.040539
0.035496
0.028369
0.021975
0.024824
0.029821
0.033991
0.037586
0.019694
0.031829
0.033465
0.028595
0.021624
0.018992
0.021012
0.024354
0.029112
0.033437
0.021184
0.038980
0.041636
0.033449
0.022846
0.019329
0.025260
0.030841
0.037305
0.042906
0.016403
0.035823
0.038026
0.031728
0.023371
0.018443
0.020538
0.023228
0.027936
0.032322
0.022926
0.039566
0.042335
0.033818
0.023361
0.020687
0.026100
0.031983
0.038358
0.043840
0.020042
0.035263
0.037988
0.031661
0.022459
0.017082
0.019748
0.027154
0.033534
0.038915
0.034575
0.055465
0.057208
0.050162
0.040915
0.036164
0.037412
0.040219
0.043736
0.047430
0.035735
0.055201
0.058233
0.049899
0.040339
0.038221
0.041473
0.049165
0.055866
0.061252
0.038644
0.059738
0.063664
0.055531
0.045408
0.041317
0.044007
0.051411
0.058269
0.063765
0.016682
0.034444
0.036438
0.029682
0.020310
0.014040
0.017000
0.023789
0.029639
0.034959
0.039249
0.051196
0.053283
0.048819
0.045623
0.044664
0.049662
0.054388
0.058572
0.062621
0.017662
0.031580
0.034913
0.028848
0.019659
0.014309
0.017665
0.022982
0.029220
0.034552
0.018225
0.031962
0.034505
0.030217
0.027969
0.027445
0.027790
0.030977
0.034306
0.037735
0.025235
0.041370
0.044786
0.038110
0.027994
0.023850
0.029024
0.034329
0.040260
0.045461
0.016805
0.027884
0.030328
0.026321
0.019710
0.014419
0.017483
0.021379
0.025478
0.029206
0.020593
0.031104
0.032921
0.027975
0.020822
0.015724
0.017225
0.022535
0.027065
0.030964
0.019479
0.038305
0.043963
0.038236
0.028199
0.021933
0.022435
0.027436
0.032185
0.036873
0.021970
0.037310
0.040800
0.035246
0.027414
0.023635
0.024907
0.030150
0.035027
0.039181
0.018429
0.029881
0.034360
0.030227
0.022952
0.017820
0.019681
0.022978
0.027865
0.032198
0.033819
0.044077
0.045071
0.040585
0.034200
0.031337
0.034322
0.038492
0.041925
0.044795
0.020645
0.036840
0.040394
0.034470
0.025447
0.018760
0.022121
0.026315
0.031360
0.036151
0.016599
0.028371
0.032849
0.028265
0.020162
0.014312
0.017267
0.022525
0.027544
0.032141
0.022736
0.035121
0.039491
0.033895
0.024381
0.020431
0.026236
0.032011
0.038377
0.043697
0.022985
0.033012
0.036730
0.031728
0.023274
0.018005
0.019346
0.026706
0.033112
0.038349
0.018273
0.030876
0.034429
0.029180
0.021190
0.013606
0.016071
0.022086
0.028255
0.033323
0.041881
0.057219
0.061853
0.056699
0.048503
0.043823
0.045130
0.049712
0.054237
0.058223
0.023751
0.034451
0.038467
0.036377
0.033999
0.033820
0.036321
0.038484
0.040391
0.042075
0.038929
0.049450
0.052920
0.049386
0.047434
0.045999
0.047474
0.051996
0.056480
0.060569
0.028495
0.041862
0.046460
0.041238
0.031876
0.025902
0.030191
0.035595
0.041051
0.046108
0.017800
0.029809
0.033445
0.028383
0.020364
0.015961
0.017216
0.023782
0.029864
0.034868
0.027104
0.035558
0.040297
0.035596
0.026784
0.023832
0.028216
0.034950
0.041005
0.045893
0.029560
0.036342
0.038362
0.032609
0.027525
0.026269
0.029972
0.036478
0.042398
0.047102
0.040410
0.053733
0.060016
0.054404
0.045772
0.044129
0.047921
0.056696
0.064021
0.069814
0.019853
0.031215
0.036409
0.032161
0.023796
0.017908
0.018343
0.024087
0.030347
0.035408
0.020222
0.031677
0.039416
0.036289
0.027812
0.020748
0.021099
0.025680
0.031112
0.036392
0.016279
0.028775
0.034389
0.030847
0.023191
0.016899
0.017959
0.023054
0.028153
0.032398
0.026602
0.048700
0.054008
0.048583
0.039055
0.029747
0.030381
0.036633
0.042761
0.047649
0.025764
0.036132
0.042783
0.039030
0.030142
0.022890
0.021128
0.029099
0.036457
0.042178
0.023049
0.033172
0.039195
0.036419
0.030838
0.028423
0.030177
0.033465
0.036705
0.040588
0.016550
0.023746
0.027026
0.024515
0.023336
0.023870
0.024347
0.028037
0.031928
0.036118
0.017424
0.025005
0.032233
0.029639
0.022007
0.015986
0.017197
0.022159
0.027167
0.032321
0.025894
0.032286
0.034550
0.030895
0.024875
0.020241
0.019805
0.025045
0.029480
0.032966
0.047202
0.056613
0.063895
0.059902
0.052416
0.051924
0.053186
0.058946
0.066229
0.071770
0.027629
0.034693
0.039676
0.038161
0.032948
0.026157
0.022220
0.023350
0.026563
0.030705
0.019639
0.029984
0.035854
0.032835
0.025693
0.018280
0.019203
0.023878
0.029341
0.034316
0.029046
0.034187
0.038014
0.036092
0.031121
0.025188
0.026118
0.028472
0.032485
0.035467
0.021004
0.027744
0.033619
0.031015
0.024598
0.017452
0.018303
0.023304
0.028612
0.033457
0.030272
0.032811
0.034860
0.032265
0.027487
0.022969
0.025113
0.029910
0.033887
0.036946
0.032798
0.040591
0.046272
0.043721
0.037231
0.030957
0.031538
0.035244
0.039844
0.043677
0.036335
0.043260
0.049909
0.046630
0.040053
0.038943
0.040324
0.044020
0.051037
0.056255
0.021368
0.030252
0.035632
0.035348
0.033442
0.031944
0.031779
0.032808
0.036340
0.039410
0.032984
0.039633
0.043453
0.041006
0.037597
0.036808
0.039206
0.044086
0.048294
0.051743
0.035284
0.039089
0.045928
0.043290
0.035071
0.029951
0.031234
0.035409
0.042644
0.048070
0.022816
0.029679
0.036951
0.034954
0.028054
0.021687
0.019728
0.024336
0.031627
0.037208
0.018975
0.027934
0.032646
0.030742
0.027635
0.027149
0.027078
0.027219
0.030558
0.035105
0.022483
0.030233
0.036070
0.033833
0.027321
0.019958
0.017702
0.024301
0.030949
0.036046
0.024703
0.026392
0.029959
0.027859
0.022776
0.017336
0.016434
0.021753
0.026335
0.029870
0.047053
0.049102
0.052681
0.051001
0.048814
0.048977
0.051445
0.057613
0.063181
0.067243
0.029238
0.027773
0.032517
0.030460
0.025529
0.022530
0.026211
0.031237
0.036335
0.040667
0.030774
0.032502
0.035615
0.032984
0.027416
0.021261
0.019006
0.023660
0.028156
0.031621
0.027889
0.030072
0.035071
0.032194
0.028050
0.025860
0.027959
0.033299
0.039440
0.044061
0.021396
0.024468
0.030244
0.028814
0.023381
0.018104
0.018365
0.022655
0.027909
0.032120
0.040031
0.042254
0.045781
0.043419
0.040550
0.039325
0.041053
0.045004
0.050517
0.054654
0.023854
0.027635
0.034972
0.033726
0.027845
0.021711
0.020571
0.027104
0.033896
0.038898
0.036546
0.038591
0.043097
0.041655
0.037095
0.032481
0.032268
0.034666
0.037864
0.040866
0.027661
0.030674
0.037093
0.035337
0.029252
0.024245
0.025277
0.028790
0.033706
0.039205
0.037424
0.038815
0.043600
0.042380
0.040060
0.040090
0.041964
0.045037
0.050868
0.055274
0.034313
0.036205
0.040374
0.039613
0.035953
0.031478
0.029922
0.032677
0.035703
0.038204
0.042001
0.040851
0.046066
0.044180
0.040442
0.037847
0.038841
0.042911
0.048613
0.052614
0.025851
0.028101
0.036082
0.036111
0.031165
0.026283
0.025308
0.028706
0.033417
0.037235
0.023359
0.023781
0.030074
0.029340
0.024406
0.018613
0.016466
0.021243
0.027545
0.032396
0.038299
0.038669
0.043436
0.042799
0.038893
0.034949
0.036329
0.038965
0.042023
0.045442
0.025111
0.022947
0.028668
0.027971
0.024632
0.019731
0.018849
0.022550
0.028947
0.033977
0.026092
0.027548
0.033407
0.032645
0.028056
0.023536
0.024165
0.026966
0.031327
0.034610
0.023487
0.022836
0.028778
0.028153
0.023223
0.018142
0.013399
0.017210
0.024312
0.029753
0.043207
0.047794
0.054056
0.053145
0.048280
0.044698
0.042053
0.044899
0.048231
0.052110
0.039458
0.034309
0.039263
0.037795
0.035580
0.034473
0.035307
0.037558
0.040858
0.045013
0.022266
0.022364
0.028395
0.028029
0.023867
0.018579
0.018049
0.021789
0.026657
0.030582
0.026175
0.023421
0.030087
0.030314
0.027384
0.023586
0.021862
0.023442
0.028360
0.033017
0.046661
0.045072
0.048301
0.048317
0.046911
0.046143
0.047729
0.050424
0.054195
0.057515
0.025481
0.035517
0.042703
0.043422
0.039486
0.033017
0.025750
0.021330
0.023171
0.027040
0.026948
0.030827
0.035158
0.035552
0.035406
0.034333
0.035550
0.038439
0.041037
0.043245
0.021701
0.024677
0.028678
0.027047
0.022144
0.015656
0.015358
0.018767
0.023973
0.028513
0.024098
0.019868
0.024376
0.022829
0.018380
0.015630
0.017238
0.023842
0.029402
0.033265
0.024011
0.024632
0.028794
0.027558
0.024202
0.019937
0.020414
0.026148
0.031439
0.034985
0.019919
0.024602
0.029650
0.028573
0.023742
0.020035
0.020100
0.022926
0.027420
0.031108
0.024580
0.032336
0.040614
0.042341
0.039117
0.033375
0.031117
0.033018
0.036270
0.039219
0.022196
0.031675
0.039343
0.040090
0.036085
0.029528
0.021707
0.016704
0.019529
0.024239
0.023235
0.026081
0.030542
0.029943
0.026177
0.020484
0.018410
0.020868
0.024687
0.028092
0.023373
0.027187
0.030726
0.028269
0.023669
0.022318
0.022762
0.027615
0.032092
0.035419
0.038231
0.032000
0.033896
0.034612
0.035868
0.039622
0.045418
0.050478
0.054273
0.056331
0.024818
0.028787
0.033156
0.033269
0.031379
0.030043
0.031044
0.034197
0.037025
0.039971
0.046688
0.042084
0.046997
0.046622
0.045333
0.044557
0.045729
0.049030
0.052022
0.055612
0.026305
0.025192
0.028640
0.030051
0.030063
0.032238
0.035048
0.037863
0.040590
0.043172
0.024383
0.029654
0.038498
0.041416
0.039701
0.034260
0.027133
0.021891
0.022700
0.025980
0.026811
0.034018
0.042024
0.043838
0.041724
0.038219
0.036130
0.037021
0.040177
0.042894
0.026028
0.032905
0.040244
0.041041
0.037378
0.031640
0.025680
0.021351
0.025924
0.031644
0.019045
0.016362
0.020677
0.020317
0.017505
0.017248
0.020080
0.023574
0.026949
0.030094
0.036329
0.042668
0.048246
0.048345
0.045138
0.044791
0.044034
0.045958
0.050990
0.055399
0.034365
0.036097
0.038901
0.037397
0.033630
0.028737
0.027876
0.030446
0.033699
0.035776
0.044327
0.045404
0.054556
0.057493
0.055613
0.051521
0.049232
0.049962
0.052241
0.056795
0.041416
0.037520
0.039405
0.039178
0.039165
0.041319
0.044274
0.047082
0.049160
0.050364
0.036310
0.027477
0.028566
0.031217
0.036263
0.042500
0.048220
0.052737
0.055424
0.055702
0.042364
0.039116
0.043439
0.044285
0.043733
0.045295
0.048821
0.055443
0.061028
0.065039
0.021717
0.022368
0.025049
0.024028
0.021233
0.019802
0.019929
0.021924
0.025249
0.027953
0.029182
0.031154
0.035790
0.035588
0.032416
0.029906
0.029996
0.030832
0.032039
0.034117
0.026471
0.024313
0.026183
0.024848
0.021968
0.021139
0.023315
0.025987
0.028245
0.029447
0.035940
0.039569
0.048153
0.050202
0.047288
0.043038
0.042095
0.043028
0.044632
0.048652
0.037970
0.038008
0.040469
0.039461
0.036676
0.033098
0.031663
0.033648
0.035703
0.037398
0.024707
0.017751
0.022778
0.023651
0.022359
0.021015
0.021741
0.023394
0.025986
0.028786
0.035600
0.038284
0.043131
0.042445
0.038421
0.033451
0.032261
0.036233
0.040410
0.043408
0.029095
0.025095
0.026949
0.026766
0.026797
0.026791
0.027885
0.029525
0.031519
0.033502
0.018030
0.020740
0.026099
0.026624
0.024304
0.020344
0.017292
0.020125
0.022802
0.025226
0.025434
0.019290
0.023738
0.025198
0.024989
0.023280
0.022660
0.022889
0.025116
0.027635
0.045003
0.044187
0.047394
0.048139
0.048633
0.048588
0.048314
0.052514
0.056763
0.060422
0.039680
0.037111
0.042270
0.043627
0.043428
0.043921
0.044924
0.045720
0.047158
0.048441
0.040089
0.039978
0.042509
0.042880
0.041933
0.040251
0.041404
0.043783
0.046135
0.048791
0.028305
0.025652
0.026944
0.027864
0.028290
0.031764
0.035589
0.039057
0.041942
0.044062
0.024593
0.017153
0.020973
0.021413
0.019957
0.018266
0.018731
0.020838
0.023388
0.025947
0.020116
0.014609
0.018817
0.019076
0.016988
0.014598
0.012942
0.013909
0.015744
0.018101
0.016610
0.014225
0.018250
0.017944
0.015034
0.010937
0.010570
0.013293
0.017325
0.020317
0.034873
0.035596
0.039358
0.039707
0.040528
0.040814
0.040711
0.042913
0.047070
0.050706
0.025506
0.017671
0.020339
0.020470
0.019174
0.017865
0.016739
0.016655
0.017629
0.018829
0.025813
0.026805
0.029514
0.028251
0.025530
0.024749
0.025656
0.026839
0.029211
0.030933
0.020376
0.013493
0.015912
0.016820
0.018107
0.019355
0.022614
0.025527
0.027765
0.029169
0.025204
0.022805
0.025455
0.024439
0.022527
0.021133
0.022034
0.024615
0.027069
0.028288
0.019299
0.015179
0.019487
0.019908
0.018978
0.018622
0.019425
0.020661
0.022877
0.024783
0.022629
0.022906
0.027300
0.028377
0.028105
0.027632
0.027743
0.030684
0.033508
0.036140
0.032817
0.031610
0.037428
0.038917
0.038090
0.037745
0.038332
0.039574
0.040862
0.042663
0.036635
0.034282
0.039283
0.040701
0.039490
0.037003
0.035095
0.036032
0.037787
0.040187
0.024780
0.016420
0.015964
0.015009
0.017028
0.019756
0.022246
0.023939
0.024489
0.023630
0.020685
0.013970
0.015184
0.014958
0.016490
0.018242
0.020383
0.022520
0.024308
0.025753
0.025924
0.024256
0.027220
0.027689
0.026563
0.024344
0.021444
0.019691
0.020995
0.022779
0.022743
0.015749
0.017861
0.016391
0.016082
0.017155
0.019104
0.021908
0.023994
0.024344
0.020003
0.020099
0.025297
0.027123
0.026385
0.023617
0.019446
0.017949
0.019500
0.021866
0.020348
0.016191
0.017981
0.017164
0.015416
0.017785
0.020378
0.023444
0.026425
0.027653
0.022625
0.024180
0.027417
0.029196
0.030029
0.030816
0.031837
0.032703
0.034091
0.036844
0.037515
0.032220
0.035022
0.035707
0.035867
0.036849
0.039100
0.041566
0.043286
0.043873
0.031844
0.030391
0.033521
0.034060
0.033991
0.035033
0.037350
0.041341
0.045700
0.048625
0.021690
0.023246
0.026646
0.028606
0.029683
0.030127
0.030953
0.031948
0.033340
0.035918
0.034381
0.032498
0.034275
0.034607
0.034089
0.033057
0.034174
0.035369
0.036570
0.037829
0.029617
0.030175
0.031663
0.032204
0.033019
0.033656
0.034163
0.036659
0.039085
0.041141
0.025860
0.021576
0.024505
0.024509
0.024464
0.024814
0.025331
0.026634
0.028560
0.030139
0.039672
0.038105
0.040881
0.040745
0.040008
0.040851
0.042215
0.043666
0.045157
0.046762
0.033404
0.034310
0.037799
0.037966
0.038476
0.038983
0.039152
0.040852
0.044577
0.047813
0.026260
0.027774
0.029973
0.029915
0.030921
0.031512
0.033039
0.036190
0.039077
0.041222
0.025450
0.023123
0.024353
0.024872
0.025067
0.025280
0.027012
0.028989
0.030185
0.031007
0.040095
0.039614
0.041021
0.040658
0.039306
0.037298
0.034873
0.032262
0.030363
0.029601
0.026754
0.027314
0.031183
0.031380
0.029347
0.027271
0.026935
0.027698
0.028522
0.029301
0.017636
0.012990
0.013438
0.013843
0.015356
0.017226
0.019154
0.021120
0.022278
0.023143
0.023083
0.017518
0.020573
0.020726
0.019816
0.018710
0.019079
0.020654
0.022097
0.023447
0.016705
0.018994
0.023846
0.025298
0.024409
0.024127
0.023953
0.024385
0.025111
0.027757
0.018525
0.015583
0.017902
0.018888
0.021291
0.024035
0.026669
0.029086
0.031233
0.033169
0.032467
0.033419
0.035826
0.037527
0.038444
0.038940
0.040796
0.044245
0.047568
0.050256
0.029240
0.027693
0.027854
0.026280
0.025257
0.027262
0.029559
0.031531
0.032883
0.033338
0.019174
0.017112
0.020395
0.021852
0.022491
0.022537
0.024010
0.026574
0.029191
0.031715
0.025926
0.022981
0.024616
0.023806
0.021890
0.020010
0.020532
0.021067
0.021446
0.021545
0.027542
0.025364
0.025565
0.026198
0.028175
0.031676
0.035081
0.038026
0.040165
0.041442
0.037570
0.034159
0.036837
0.037137
0.038821
0.040543
0.042367
0.044291
0.045818
0.046773
0.021519
0.023781
0.027982
0.027995
0.026288
0.023434
0.021684
0.024223
0.027440
0.029793
0.030638
0.028223
0.029733
0.029367
0.027903
0.025863
0.023967
0.022665
0.021931
0.021871
0.020438
0.022986
0.026413
0.026337
0.024259
0.020928
0.017123
0.015557
0.015529
0.016367
0.032021
0.029825
0.032334
0.032717
0.032004
0.032720
0.034017
0.035188
0.036232
0.037129
0.022082
0.022156
0.025506
0.025185
0.023493
0.020801
0.019764
0.021420
0.022992
0.023965
0.021065
0.020645
0.024561
0.025558
0.024883
0.023252
0.021194
0.019126
0.018088
0.017428
0.019076
0.016502
0.018557
0.018389
0.017017
0.017153
0.018411
0.019743
0.021126
0.022562
0.036847
0.034712
0.037154
0.037096
0.036646
0.035643
0.036309
0.037355
0.038539
0.039076
0.019173
0.017005
0.019100
0.017728
0.017315
0.018471
0.021943
0.025298
0.027638
0.028503
0.021202
0.017242
0.019981
0.020421
0.019618
0.018319
0.016834
0.016323
0.016566
0.017098
0.039133
0.039443
0.041809
0.041474
0.039976
0.039255
0.039871
0.041202
0.042884
0.044454
0.018442
0.018755
0.019691
0.018309
0.016534
0.016655
0.017716
0.020142
0.022172
0.023606
0.024829
0.020347
0.022155
0.022193
0.021699
0.022972
0.024754
0.025627
0.025048
0.023215
0.020989
0.020907
0.025282
0.026569
0.026397
0.026344
0.026405
0.027740
0.030120
0.032940
0.031136
0.031414
0.033187
0.034459
0.035259
0.035849
0.038429
0.041122
0.043135
0.044261
0.020672
0.020500
0.023654
0.023214
0.021511
0.019651
0.019243
0.020742
0.021868
0.021899
0.017311
0.016816
0.019504
0.020147
0.019222
0.017063
0.014289
0.015579
0.017633
0.019668
0.020337
0.021251
0.025048
0.025693
0.024525
0.022023
0.019549
0.017125
0.016124
0.015874
0.021333
0.014456
0.015432
0.016516
0.019190
0.023137
0.026321
0.027773
0.026761
0.022170
0.019184
0.018471
0.019289
0.018336
0.017501
0.017183
0.017969
0.019463
0.021472
0.022908
0.032320
0.030968
0.032720
0.032249
0.031761
0.030934
0.030245
0.031737
0.033266
0.034651
0.020058
0.020539
0.022706
0.022175
0.021414
0.020458
0.020288
0.020526
0.021668
0.022382
0.030372
0.029419
0.031193
0.031087
0.030163
0.028869
0.027459
0.026105
0.024914
0.023906
0.034327
0.030890
0.030626
0.029352
0.029155
0.031299
0.033382
0.034625
0.034476
0.032343
0.015780
0.013004
0.015727
0.015198
0.012936
0.010178
0.010235
0.011928
0.013482
0.014732
0.042554
0.039916
0.042802
0.044484
0.046343
0.048184
0.049939
0.051662
0.053388
0.055105
0.030519
0.030640
0.032517
0.032749
0.032315
0.033487
0.034813
0.036175
0.037667
0.039470
0.020590
0.019298
0.020796
0.019734
0.017577
0.016998
0.018615
0.020203
0.021585
0.021071
0.020605
0.017742
0.020410
0.020982
0.021238
0.022435
0.023957
0.026085
0.029084
0.033044
0.015124
0.013614
0.016519
0.017589
0.017337
0.016077
0.014031
0.011861
0.012464
0.014927
0.017837
0.018814
0.021759
0.021545
0.019826
0.019050
0.019319
0.020391
0.021456
0.022534
0.017008
0.016420
0.017772
0.017372
0.016070
0.015057
0.015373
0.016324
0.017690
0.019301
0.017721
0.012629
0.013963
0.016215
0.019509
0.022787
0.025684
0.027517
0.027788
0.026461
0.014652
0.011494
0.012672
0.011073
0.011163
0.012638
0.015431
0.017528
0.018422
0.017668
0.033125
0.029488
0.031533
0.033025
0.034666
0.036200
0.038113
0.039859
0.040585
0.042204
0.017281
0.015321
0.015171
0.014398
0.014571
0.015327
0.016210
0.016988
0.017720
0.018748
0.017108
0.017744
0.020444
0.019805
0.017791
0.015908
0.016814
0.018072
0.019342
0.020656
0.036477
0.035548
0.037919
0.038728
0.038468
0.038050
0.038834
0.040279
0.041523
0.042122
0.020477
0.016483
0.016656
0.018133
0.021234
0.026309
0.030955
0.034537
0.036341
0.035493
0.020108
0.015035
0.016049
0.016274
0.016275
0.016832
0.017193
0.017203
0.018033
0.020795
0.033728
0.030511
0.031911
0.032393
0.033570
0.035714
0.038203
0.040589
0.042096
0.042353
0.018999
0.017746
0.021284
0.022516
0.023004
0.023332
0.023904
0.024401
0.024814
0.026208
0.023799
0.024171
0.025560
0.024958
0.023269
0.021352
0.019311
0.017291
0.016131
0.014948
0.016607
0.018189
0.018990
0.017742
0.015483
0.013974
0.014387
0.014850
0.016958
0.018747
0.023936
0.019843
0.020540
0.021148
0.023064
0.025217
0.026701
0.027039
0.026489
0.025959
0.015709
0.015334
0.017580
0.017338
0.017170
0.017796
0.018652
0.020634
0.022786
0.024492
0.024091
0.020464
0.022122
0.022422
0.022500
0.022995
0.023267
0.023211
0.022801
0.025414
0.039090
0.037705
0.037448
0.035789
0.033531
0.031195
0.030313
0.029550
0.028452
0.027098
0.017854
0.015294
0.017225
0.017490
0.017154
0.017536
0.018823
0.020195
0.021525
0.022522
0.019055
0.021426
0.024699
0.025159
0.024186
0.022514
0.021620
0.021439
0.022005
0.022923
0.036741
0.037310
0.039370
0.040589
0.041213
0.042029
0.045343
0.048456
0.051022
0.052733
0.018819
0.017815
0.018446
0.017142
0.017060
0.016931
0.018234
0.020383
0.022118
0.023155
0.036700
0.035975
0.037503
0.037607
0.038417
0.039635
0.042139
0.044404
0.045659
0.045432
0.035239
0.034854
0.036760
0.037737
0.039205
0.041150
0.043033
0.044919
0.046853
0.048817
0.032523
0.030864
0.032964
0.033051
0.033331
0.033671
0.034949
0.036151
0.037266
0.038241
0.019869
0.019953
0.019754
0.017719
0.014964
0.013810
0.015171
0.016056
0.016240
0.015429
0.035431
0.034561
0.034882
0.033400
0.031127
0.029547
0.030490
0.031000
0.030795
0.029756
0.015552
0.019967
0.023607
0.024242
0.022786
0.020026
0.017469
0.015973
0.015488
0.016222
0.015708
0.015446
0.017602
0.017282
0.016256
0.016362
0.017208
0.018019
0.019411
0.020576
0.019403
0.016034
0.017277
0.017256
0.018824
0.021359
0.023710
0.025127
0.025637
0.028290
0.035637
0.032854
0.035848
0.036919
0.037504
0.038322
0.039623
0.040933
0.042023
0.043056
0.032241
0.034380
0.035194
0.034308
0.032719
0.031001
0.029331
0.027754
0.026456
0.025563
0.046178
0.045240
0.047521
0.048110
0.048212
0.048053
0.048647
0.049229
0.049625
0.049757
0.045724
0.044114
0.045953
0.047485
0.049027
0.050416
0.051645
0.052684
0.053469
0.053918
0.017354
0.016727
0.017194
0.018259
0.019412
0.021097
0.022602
0.023789
0.024238
0.025531
0.016222
0.019324
0.023005
0.023477
0.022243
0.020224
0.019774
0.020165
0.020942
0.022378
0.021534
0.021369
0.024181
0.025062
0.025676
0.026829
0.028360
0.030126
0.032089
0.034011
0.037159
0.036323
0.037518
0.037502
0.037285
0.036889
0.036610
0.036286
0.037312
0.038268
0.019203
0.019211
0.020330
0.019191
0.017327
0.016148
0.015814
0.016191
0.014622
0.014387
0.022233
0.025616
0.029565
0.030433
0.029790
0.028474
0.028226
0.028266
0.028922
0.030525
0.022319
0.025630
0.028365
0.030456
0.032033
0.032909
0.033362
0.033660
0.034059
0.036377
0.019356
0.018392
0.020163
0.021314
0.022436
0.024408
0.027352
0.030109
0.032792
0.034509
0.032565
0.031922
0.032460
0.031410
0.029829
0.028541
0.027349
0.026435
0.025923
0.025804
0.033575
0.031128
0.033213
0.035344
0.037739
0.040140
0.042268
0.043830
0.045132
0.047737
0.019992
0.013843
0.014882
0.014970
0.016656
0.018333
0.019666
0.020605
0.021007
0.023262
0.015492
0.014833
0.016329
0.014773
0.013135
0.014019
0.015255
0.016473
0.017677
0.018907
0.033824
0.034193
0.036386
0.036324
0.036259
0.036552
0.037032
0.038088
0.039500
0.040281
0.019639
0.024421
0.027478
0.029500
0.030680
0.031179
0.031342
0.032197
0.032965
0.033764
0.017524
0.016338
0.016941
0.015518
0.016052
0.017368
0.018952
0.021429
0.022510
0.022689
0.020121
0.017979
0.019644
0.019539
0.019376
0.020161
0.021204
0.022682
0.024712
0.027197
0.023409
0.025490
0.029128
0.029929
0.029280
0.028645
0.028855
0.029450
0.031126
0.032637
0.024717
0.028877
0.030252
0.029071
0.028231
0.028905
0.029442
0.030504
0.032051
0.032705
0.031156
0.031777
0.032433
0.031309
0.029367
0.028523
0.027897
0.028273
0.028920
0.029857
0.023181
0.020715
0.022101
0.023478
0.025365
0.027060
0.028745
0.029444
0.028371
0.026345
0.024460
0.024486
0.026324
0.026190
0.025152
0.023640
0.021929
0.020283
0.019925
0.020726
0.024840
0.023500
0.023771
0.023615
0.025240
0.028216
0.031611
0.034165
0.035258
0.034101
0.013299
0.014408
0.015496
0.015549
0.015257
0.014729
0.014888
0.015797
0.016657
0.017541
0.030167
0.029202
0.028874
0.026785
0.024553
0.023476
0.023413
0.022920
0.021278
0.019837
0.020349
0.021215
0.026253
0.028953
0.030411
0.031068
0.031322
0.031548
0.031668
0.031391
0.016753
0.019402
0.021635
0.022972
0.024334
0.025662
0.026825
0.027910
0.029004
0.030268
0.029321
0.028038
0.029253
0.029007
0.027715
0.027268
0.029508
0.031238
0.031923
0.031097
0.039809
0.038387
0.039605
0.040892
0.042116
0.043422
0.045943
0.047787
0.048523
0.048026
0.021591
0.020770
0.021213
0.022257
0.024689
0.028275
0.031669
0.033559
0.033161
0.031496
0.025424
0.028247
0.030748
0.032003
0.032613
0.032862
0.034987
0.037407
0.039728
0.042014
0.019869
0.020284
0.020821
0.020175
0.019733
0.019721
0.020173
0.020602
0.021074
0.022070
0.022042
0.016984
0.017566
0.019675
0.023156
0.026690
0.029189
0.029839
0.028067
0.027525
0.012644
0.016088
0.018092
0.017267
0.015276
0.015062
0.016678
0.019050
0.020918
0.022030
0.030207
0.027007
0.028181
0.028903
0.030661
0.032342
0.034107
0.036219
0.038368
0.040425
0.021532
0.015428
0.015652
0.017817
0.021080
0.024675
0.027352
0.028319
0.027022
0.026574
0.017674
0.018608
0.022920
0.024168
0.024798
0.025274
0.026301
0.028036
0.030344
0.033371
0.037167
0.033999
0.034352
0.035883
0.037736
0.040453
0.042750
0.044149
0.044088
0.042624
0.041444
0.039972
0.041539
0.041998
0.042527
0.043405
0.044168
0.044770
0.045145
0.045193
0.016516
0.017326
0.018611
0.018251
0.019137
0.021002
0.023674
0.026300
0.028845
0.031305
0.018012
0.020689
0.024020
0.026695
0.028429
0.029445
0.029920
0.030049
0.031933
0.034497
0.020897
0.021555
0.023258
0.022822
0.024066
0.025300
0.026926
0.028813
0.030264
0.031246
0.028036
0.026015
0.025162
0.023865
0.024415
0.025346
0.026237
0.026458
0.025200
0.023574
0.022692
0.023062
0.024497
0.024514
0.023867
0.025313
0.029290
0.032313
0.033182
0.030999
0.008903
0.015540
0.018487
0.018197
0.016194
0.013860
0.013993
0.015018
0.016549
0.017933
0.019045
0.014860
0.015842
0.016928
0.018896
0.022067
0.025282
0.026656
0.025478
0.021250
0.021843
0.019562
0.020095
0.021172
0.023909
0.027351
0.030656
0.032218
0.031346
0.029279
0.034809
0.032603
0.034394
0.035999
0.037620
0.040189
0.042365
0.043535
0.043942
0.045138
0.021703
0.023977
0.026665
0.026309
0.025454
0.024401
0.024247
0.024799
0.025031
0.024702
0.036471
0.039270
0.041308
0.041109
0.040028
0.041264
0.042543
0.043903
0.045471
0.047491
0.017869
0.019557
0.022255
0.022421
0.022150
0.022412
0.022551
0.024087
0.025464
0.026515
0.027582
0.026615
0.027362
0.028428
0.030600
0.033750
0.036689
0.038687
0.039245
0.037990
0.022032
0.023911
0.025001
0.023761
0.022876
0.021791
0.022452
0.024124
0.025608
0.026844
0.019879
0.021972
0.023763
0.024439
0.024591
0.026181
0.029050
0.031746
0.034092
0.035938
0.023836
0.024612
0.026707
0.026108
0.025961
0.026611
0.027363
0.028360
0.029814
0.031619
0.016871
0.017634
0.019594
0.018766
0.016528
0.015842
0.017705
0.019665
0.021454
0.021240
0.013232
0.016357
0.017426
0.016518
0.016385
0.018457
0.021182
0.024060
0.026404
0.027292
0.018938
0.016449
0.016945
0.018018
0.020891
0.026421
0.031629
0.035961
0.038791
0.039283
0.017347
0.026590
0.029984
0.031924
0.032788
0.036173
0.039591
0.044388
0.049015
0.053366
0.022536
0.027744
0.027028
0.025631
0.025456
0.024997
0.025722
0.029158
0.032371
0.035366
0.022742
0.027201
0.029745
0.031101
0.031741
0.031830
0.032448
0.033127
0.033744
0.035516
0.029582
0.037478
0.040303
0.041641
0.041820
0.043824
0.048136
0.052252
0.055968
0.059041
0.038612
0.038942
0.038627
0.037495
0.038112
0.039281
0.040696
0.041269
0.040826
0.040344
0.019116
0.024931
0.027517
0.028133
0.027717
0.026778
0.027478
0.029119
0.031093
0.033674
0.020866
0.027155
0.032159
0.034038
0.034268
0.033816
0.032462
0.030540
0.029559
0.028644
0.041148
0.042863
0.044749
0.044826
0.044039
0.044253
0.045193
0.046141
0.047603
0.048910
0.020201
0.023257
0.025916
0.027379
0.028214
0.028637
0.029882
0.032674
0.035290
0.037612
0.013808
0.018702
0.017152
0.015749
0.018409
0.021524
0.025708
0.029355
0.031658
0.032414
0.038777
0.045736
0.047714
0.047281
0.048010
0.052177
0.056645
0.060933
0.064908
0.068416
0.033592
0.039741
0.040850
0.040085
0.038275
0.035826
0.033054
0.030663
0.030068
0.029903
0.018139
0.018393
0.019259
0.019520
0.020874
0.022143
0.023471
0.025245
0.027820
0.032365
0.031611
0.032159
0.033688
0.034973
0.036313
0.037581
0.038850
0.040743
0.042307
0.043209
0.018363
0.024931
0.027541
0.028937
0.029585
0.029516
0.029085
0.030566
0.033938
0.036994
0.019585
0.022336
0.023490
0.024427
0.025485
0.028140
0.030696
0.033073
0.035253
0.037399
0.019131
0.023595
0.025465
0.025371
0.025418
0.025797
0.026474
0.027728
0.030926
0.035499
0.033251
0.037871
0.038515
0.038338
0.041575
0.046020
0.050354
0.054399
0.057969
0.060823
0.038234
0.036805
0.037587
0.038744
0.039925
0.041740
0.043822
0.045711
0.046467
0.045596
0.027174
0.028573
0.027908
0.026401
0.025922
0.025921
0.027980
0.029922
0.030650
0.029553
0.037227
0.038906
0.040295
0.040329
0.039683
0.038446
0.036877
0.035652
0.034039
0.032046
0.020882
0.022807
0.025247
0.024402
0.021965
0.021105
0.022646
0.023996
0.025544
0.026748
0.039156
0.040149
0.040112
0.039592
0.040549
0.042254
0.043764
0.044843
0.045404
0.044426
0.019801
0.024605
0.026463
0.027159
0.027599
0.030377
0.033084
0.035612
0.037885
0.039895
0.015523
0.021669
0.025347
0.027690
0.029791
0.031465
0.033953
0.037031
0.041003
0.044241
0.018204
0.022666
0.023932
0.023624
0.024370
0.024642
0.024567
0.025808
0.028912
0.031697
0.015709
0.024417
0.027114
0.026414
0.023881
0.020573
0.019372
0.020061
0.022086
0.023577
0.032319
0.035487
0.036884
0.041294
0.046097
0.050874
0.055515
0.059944
0.064096
0.067894
0.017904
0.021283
0.019851
0.020499
0.023499
0.027968
0.033127
0.036949
0.038015
0.035827
0.038969
0.039569
0.040056
0.039689
0.039600
0.041258
0.042887
0.044033
0.044392
0.043529
0.020198
0.024784
0.026993
0.027480
0.027546
0.028332
0.029916
0.031275
0.031772
0.033057
0.023915
0.027094
0.028799
0.028845
0.028856
0.032344
0.035775
0.038413
0.039616
0.038409
0.031099
0.038432
0.039149
0.036237
0.033321
0.030778
0.030602
0.031205
0.035277
0.038313
0.014875
0.021205
0.025677
0.027848
0.029221
0.030533
0.032159
0.034077
0.035741
0.037599
0.020945
0.023095
0.023080
0.020311
0.019571
0.022895
0.027577
0.031713
0.034874
0.036610
0.020242
0.023943
0.026562
0.028796
0.031669
0.035745
0.039598
0.043184
0.045408
0.045444
0.020813
0.018301
0.017094
0.017359
0.019418
0.023230
0.027439
0.030915
0.033213
0.033867
0.021945
0.020136
0.019651
0.018664
0.018680
0.020439
0.022921
0.024898
0.025877
0.025550
0.021619
0.019887
0.019214
0.020299
0.022339
0.024367
0.026675
0.027736
0.027006
0.025818
0.023405
0.023083
0.024371
0.023385
0.022094
0.023281
0.024781
0.026158
0.027715
0.028254
0.026049
0.026914
0.026542
0.025789
0.026725
0.027813
0.028999
0.029570
0.029372
0.028621
0.022793
0.027736
0.030264
0.031989
0.032833
0.032970
0.032510
0.031481
0.029834
0.027532
0.016419
0.024298
0.027439
0.028800
0.030074
0.030781
0.031112
0.031723
0.032842
0.034044
0.012302
0.013949
0.014857
0.014543
0.014789
0.016069
0.017250
0.018412
0.020242
0.021877
0.044625
0.043000
0.044882
0.047137
0.049594
0.052272
0.054181
0.054751
0.053320
0.053243
0.022830
0.023391
0.025177
0.026592
0.027559
0.028507
0.029252
0.029158
0.027880
0.026834
0.013168
0.012869
0.012023
0.013132
0.016098
0.020698
0.025869
0.030098
0.032824
0.033364
0.035876
0.039880
0.041634
0.041567
0.040126
0.037693
0.034717
0.032789
0.030765
0.029971
0.027518
0.032063
0.032744
0.033838
0.034595
0.035094
0.035563
0.036613
0.037463
0.038075
0.037075
0.033984
0.033748
0.034678
0.036105
0.038726
0.041060
0.042656
0.043020
0.041628
0.014965
0.015533
0.015814
0.014440
0.014662
0.017312
0.021328
0.025008
0.027617
0.028658
0.034014
0.032410
0.031828
0.029657
0.027756
0.027176
0.027696
0.028719
0.029229
0.029519
0.018969
0.025070
0.029673
0.031731
0.033115
0.034803
0.036197
0.037003
0.037276
0.037143
0.034339
0.038943
0.041662
0.042234
0.041028
0.038230
0.034520
0.032934
0.031290
0.033152
0.021770
0.025273
0.027198
0.027206
0.026347
0.025112
0.024282
0.023832
0.023824
0.024415
0.015737
0.024626
0.027905
0.028914
0.028153
0.026103
0.024675
0.024535
0.025358
0.026111
0.025380
0.026638
0.025582
0.027335
0.031637
0.036001
0.040011
0.043289
0.045399
0.045779
0.018234
0.018347
0.019567
0.021246
0.024262
0.028024
0.031000
0.032470
0.031605
0.029333
0.018284
0.026703
0.031041
0.033861
0.035714
0.036938
0.037928
0.039885
0.043999
0.047752
0.019829
0.017851
0.017837
0.018148
0.018262
0.018550
0.019578
0.019900
0.018404
0.017481
0.032252
0.038621
0.040596
0.041281
0.041669
0.042335
0.042796
0.043248
0.043876
0.044841
0.034219
0.036079
0.035252
0.034145
0.033156
0.032095
0.031009
0.031252
0.031413
0.031595
0.019885
0.022246
0.023838
0.023903
0.023338
0.022434
0.021326
0.020060
0.020751
0.023157
0.016549
0.016131
0.018348
0.018617
0.019201
0.020085
0.021303
0.023154
0.026027
0.030252
0.031319
0.028832
0.027743
0.026371
0.026269
0.027295
0.028836
0.029759
0.029780
0.029047
0.018782
0.018379
0.019999
0.018523
0.016576
0.015555
0.016057
0.017373
0.018696
0.020048
0.022627
0.022841
0.024906
0.028042
0.032820
0.037612
0.041822
0.044863
0.045860
0.043455
0.017706
0.023532
0.025512
0.027397
0.028581
0.030941
0.034203
0.037488
0.040942
0.043504
0.031846
0.036499
0.040064
0.041258
0.041934
0.042401
0.042531
0.043516
0.045006
0.046249
0.028762
0.031942
0.033552
0.032063
0.029438
0.028307
0.028936
0.030110
0.033132
0.035314
0.023840
0.022861
0.024100
0.022958
0.021628
0.021973
0.023063
0.024460
0.026235
0.028292
0.020886
0.022559
0.023678
0.025580
0.030190
0.034860
0.039358
0.043513
0.047136
0.049964
0.020795
0.022425
0.023034
0.021886
0.021600
0.023862
0.026862
0.029291
0.030678
0.030534
0.012305
0.015826
0.017103
0.017372
0.019042
0.020305
0.022620
0.026075
0.029055
0.031167
0.017717
0.020281
0.024963
0.025697
0.023863
0.020930
0.018422
0.017302
0.019129
0.022477
0.020331
0.020501
0.021953
0.022603
0.022861
0.023324
0.024992
0.027164
0.030219
0.035066
0.016344
0.016265
0.016632
0.015104
0.013465
0.013914
0.015952
0.017174
0.016935
0.015386
0.017772
0.015806
0.016689
0.018764
0.022874
0.027515
0.031666
0.034539
0.035379
0.034311
0.017931
0.017495
0.018569
0.019172
0.019476
0.020239
0.020942
0.020752
0.019509
0.018720
0.039706
0.044499
0.044582
0.042137
0.043862
0.048320
0.052661
0.056685
0.060193
0.062942
0.022759
0.024897
0.025540
0.024322
0.024612
0.026211
0.028483
0.030304
0.031379
0.031394
0.014956
0.016856
0.018090
0.019468
0.021516
0.024273
0.026770
0.028872
0.029188
0.028715
0.017167
0.020802
0.023564
0.024484
0.023695
0.021428
0.018019
0.014006
0.014351
0.016002
0.019264
0.019684
0.021088
0.022561
0.023640
0.024386
0.025901
0.026630
0.026172
0.024902
0.017543
0.017943
0.019041
0.020199
0.021386
0.022610
0.023940
0.025555
0.027870
0.031593
0.048374
0.048818
0.050965
0.053026
0.054765
0.055967
0.056388
0.055805
0.055519
0.056589
0.019495
0.018415
0.018341
0.017791
0.018573
0.020643
0.024305
0.026437
0.026133
0.022616
0.032050
0.037775
0.040125
0.040900
0.040599
0.039643
0.039611
0.040371
0.043060
0.045941
0.021623
0.018567
0.017648
0.019225
0.022111
0.024900
0.027607
0.030125
0.031888
0.032453
0.017307
0.021675
0.024806
0.026887
0.028856
0.030537
0.032001
0.033391
0.034854
0.036557
0.023904
0.028497
0.030003
0.029497
0.028265
0.028897
0.029890
0.030822
0.032295
0.033728
0.026766
0.027427
0.029596
0.028601
0.027663
0.028174
0.029745
0.031481
0.033650
0.035477
0.022872
0.022821
0.025683
0.027501
0.028806
0.031745
0.036189
0.040321
0.043924
0.046745
0.015751
0.023751
0.028976
0.031485
0.031193
0.028450
0.024322
0.019668
0.018304
0.021903
0.021094
0.023874
0.026726
0.028095
0.028830
0.029333
0.029780
0.031319
0.033139
0.035995
0.018054
0.022637
0.027113
0.028176
0.027171
0.024789
0.021587
0.020076
0.020492
0.021648
0.018772
0.018990
0.020690
0.021168
0.021827
0.022418
0.023732
0.025046
0.026611
0.028185
0.040782
0.042122
0.044582
0.047184
0.050008
0.052541
0.054644
0.056090
0.056541
0.055667
0.035369
0.037420
0.040516
0.043186
0.047057
0.050970
0.055433
0.058895
0.059896
0.057575
0.038087
0.034551
0.034560
0.036830
0.039647
0.042394
0.044607
0.045872
0.045906
0.044786
0.017278
0.021300
0.024564
0.025726
0.025361
0.024298
0.023305
0.023000
0.023638
0.024145
0.021738
0.024545
0.027673
0.029655
0.030740
0.031625
0.032641
0.033042
0.032284
0.029910
0.022991
0.024360
0.027211
0.028404
0.028181
0.026574
0.024102
0.022629
0.024226
0.026774
0.038505
0.039491
0.039552
0.039896
0.040739
0.042829
0.045698
0.048002
0.049577
0.049336
0.021581
0.022293
0.023682
0.025267
0.026844
0.028299
0.029614
0.030439
0.031162
0.034407
0.019827
0.018507
0.020633
0.020028
0.018922
0.019204
0.019876
0.021089
0.022302
0.023526
0.019026
0.020232
0.020922
0.019724
0.017501
0.016067
0.016816
0.018035
0.019334
0.020818
0.020757
0.023341
0.025061
0.025149
0.024323
0.023947
0.025851
0.027420
0.028298
0.028327
0.023273
0.020814
0.021245
0.020270
0.018959
0.019098
0.019224
0.019382
0.020165
0.022877
0.024852
0.028168
0.030969
0.031697
0.031051
0.029395
0.027112
0.026197
0.025671
0.026774
0.030423
0.030419
0.030374
0.031133
0.031631
0.033267
0.035873
0.037822
0.038704
0.038383
0.034499
0.035072
0.036952
0.037617
0.038241
0.039168
0.040047
0.041032
0.042269
0.043878
0.021066
0.026165
0.030826
0.031714
0.030123
0.026867
0.025016
0.024014
0.024977
0.026275
0.031612
0.034346
0.037520
0.038957
0.039028
0.037718
0.035077
0.031721
0.029471
0.029513
0.036628
0.035974
0.037668
0.040152
0.043264
0.048044
0.051738
0.053345
0.051608
0.046746
0.034320
0.039828
0.042060
0.042500
0.043862
0.047089
0.050556
0.053616
0.055967
0.057195
0.023728
0.023860
0.025728
0.026829
0.029273
0.031887
0.034494
0.037043
0.039600
0.042190
0.020482
0.017508
0.017813
0.016381
0.015214
0.015559
0.017302
0.020187
0.021793
0.021684
0.025403
0.028875
0.031339
0.031275
0.029578
0.027263
0.026232
0.026870
0.027389
0.027477
0.037961
0.034030
0.033676
0.034017
0.034117
0.034480
0.035466
0.036112
0.036693
0.037474
0.019528
0.022348
0.025645
0.025963
0.024625
0.022721
0.021798
0.021243
0.021829
0.023073
0.046145
0.048766
0.052168
0.055076
0.058173
0.062258
0.067316
0.071144
0.072710
0.070423
0.017776
0.017053
0.016743
0.015505
0.016585
0.019856
0.022905
0.025201
0.026248
0.025560
0.015838
0.023247
0.026196
0.026727
0.026062
0.025518
0.025422
0.025120
0.024790
0.024774
0.042229
0.041415
0.042351
0.043433
0.044435
0.045895
0.047418
0.048512
0.048441
0.047413
0.014996
0.019226
0.020788
0.021227
0.022267
0.022864
0.023902
0.025364
0.027972
0.030160
0.027338
0.027435
0.027717
0.028705
0.030872
0.034336
0.037273
0.039189
0.039477
0.037821
0.019667
0.019923
0.020919
0.019123
0.015951
0.014385
0.017763
0.021818
0.024748
0.025992
0.036829
0.038699
0.041043
0.040917
0.040190
0.039586
0.039427
0.040366
0.041181
0.042005
0.022197
0.019495
0.019305
0.020312
0.021947
0.026013
0.030887
0.034948
0.037641
0.038384
0.025013
0.032258
0.035580
0.036633
0.036460
0.036059
0.035968
0.036387
0.036774
0.036781
0.024744
0.033533
0.039654
0.041789
0.041073
0.038166
0.034208
0.030143
0.027509
0.028292
0.018799
0.022165
0.023990
0.024582
0.025488
0.027118
0.029780
0.032430
0.035030
0.037591
0.015967
0.015618
0.017036
0.018173
0.019071
0.021391
0.024387
0.026698
0.027877
0.027318
0.035759
0.035396
0.036878
0.036932
0.036714
0.037236
0.038997
0.040659
0.041890
0.042487
0.042353
0.043231
0.042874
0.041401
0.040322
0.039587
0.038798
0.037942
0.037450
0.037805
0.025629
0.025826
0.025937
0.023928
0.024773
0.026928
0.030274
0.033534
0.035731
0.036370
0.040574
0.040270
0.042602
0.044739
0.046658
0.048044
0.048708
0.048706
0.049337
0.050129
0.029317
0.029112
0.028417
0.028047
0.029770
0.032733
0.035323
0.037116
0.037683
0.036735
0.016496
0.017077
0.017588
0.017474
0.016627
0.015345
0.013840
0.013446
0.014280
0.015878
0.031866
0.030903
0.030309
0.029217
0.029176
0.029776
0.030423
0.030995
0.031468
0.031902
0.027857
0.028497
0.029056
0.027581
0.028257
0.029222
0.030559
0.032184
0.034009
0.035321
0.026550
0.027469
0.031175
0.033420
0.035071
0.036697
0.038170
0.039017
0.038480
0.035925
0.017667
0.015695
0.015136
0.015062
0.016800
0.019896
0.022541
0.024218
0.024362
0.022467
0.014489
0.014381
0.014210
0.012658
0.014384
0.016812
0.019916
0.022391
0.023611
0.023245
0.023970
0.031124
0.034117
0.035593
0.036508
0.037133
0.037466
0.037357
0.036574
0.035515
0.036461
0.045721
0.050015
0.051365
0.051071
0.051378
0.053702
0.056626
0.058826
0.059839
0.017283
0.020104
0.022556
0.024758
0.026053
0.026655
0.027232
0.026834
0.024853
0.023017
0.039021
0.040188
0.042549
0.044127
0.045369
0.047610
0.049539
0.050974
0.051729
0.052339
0.020097
0.019849
0.021038
0.020839
0.020519
0.022004
0.023710
0.024797
0.024500
0.023486
0.018558
0.021509
0.022148
0.022852
0.024027
0.024935
0.026830
0.028910
0.030350
0.030951
0.022643
0.024411
0.025795
0.025744
0.024569
0.023376
0.025179
0.027642
0.029415
0.030174
0.017484
0.023752
0.029432
0.032861
0.034904
0.035087
0.033856
0.032079
0.034281
0.036707
0.027589
0.031802
0.033214
0.031581
0.030457
0.029602
0.029830
0.031075
0.032208
0.033317
0.034988
0.035898
0.037178
0.040638
0.047141
0.053592
0.059402
0.063906
0.066153
0.064677
0.012937
0.017869
0.019497
0.019178
0.020258
0.021476
0.022507
0.023409
0.024232
0.025024
0.014838
0.018308
0.020596
0.020932
0.020546
0.021222
0.022092
0.022928
0.024006
0.025029
0.031158
0.033387
0.035226
0.036193
0.037344
0.039162
0.042014
0.044680
0.047188
0.049368
0.025116
0.024537
0.025152
0.024752
0.024885
0.026921
0.029830
0.032056
0.033138
0.032623
0.015893
0.013621
0.013295
0.013517
0.014478
0.017060
0.021292
0.025132
0.027438
0.027388
0.019392
0.015009
0.014479
0.014275
0.017701
0.022081
0.025536
0.027112
0.025770
0.020728
0.040749
0.040042
0.041000
0.041242
0.041312
0.041179
0.042160
0.043442
0.044242
0.044610
0.030047
0.029109
0.030729
0.030697
0.030548
0.030743
0.030623
0.030572
0.031521
0.032283
0.032064
0.033917
0.035859
0.036928
0.037553
0.037958
0.038732
0.039421
0.039787
0.040469
0.022077
0.025149
0.029696
0.031182
0.030975
0.029894
0.030580
0.032099
0.034102
0.036933
0.036311
0.038165
0.040889
0.042118
0.042483
0.042396
0.042758
0.044073
0.045299
0.046427
0.018289
0.018972
0.019736
0.020209
0.021018
0.022304
0.023023
0.023042
0.022026
0.020748
0.048692
0.048100
0.050324
0.052545
0.054547
0.056137
0.057081
0.057091
0.055945
0.054700
0.019759
0.019256
0.021209
0.023860
0.026671
0.029326
0.031810
0.033452
0.032993
0.031433
0.017955
0.023092
0.025469
0.026933
0.028081
0.028833
0.029269
0.029451
0.029429
0.029249
0.016944
0.014587
0.015932
0.016899
0.018988
0.021110
0.023538
0.025330
0.026240
0.027542
0.018511
0.021611
0.022135
0.022862
0.023841
0.024559
0.025074
0.025423
0.025640
0.025763
0.024910
0.025739
0.026621
0.026440
0.026252
0.027233
0.028161
0.029809
0.030512
0.029942
0.017435
0.021188
0.023360
0.024428
0.025133
0.025698
0.026628
0.027433
0.028155
0.028834
0.033284
0.032361
0.034585
0.038034
0.042648
0.047977
0.052363
0.054913
0.054441
0.049651
0.029078
0.029817
0.031550
0.031927
0.032474
0.033911
0.035426
0.037154
0.039287
0.041925
0.018124
0.018625
0.020681
0.021743
0.022219
0.022831
0.023179
0.022651
0.021505
0.019602
0.017788
0.019264
0.020609
0.020584
0.020945
0.021373
0.021777
0.022199
0.024188
0.028370
0.024444
0.023235
0.024994
0.027185
0.030345
0.032911
0.034212
0.033479
0.030948
0.030141
0.018958
0.021545
0.024888
0.027155
0.028557
0.029082
0.029126
0.031723
0.034511
0.037130
0.018926
0.021561
0.024322
0.026493
0.028152
0.029491
0.030658
0.031787
0.033153
0.035129
0.022045
0.025570
0.026404
0.025673
0.024462
0.023158
0.022097
0.021577
0.021797
0.023720
0.016072
0.021441
0.024481
0.027223
0.029371
0.031088
0.032536
0.033840
0.035154
0.036636
0.019175
0.020479
0.023071
0.023274
0.022211
0.020761
0.018926
0.018678
0.019427
0.019868
0.038915
0.036506
0.037739
0.039067
0.040404
0.041962
0.043969
0.045113
0.045418
0.046241
0.035093
0.035947
0.039786
0.041765
0.042997
0.044073
0.044834
0.045255
0.046016
0.047192
0.044745
0.043594
0.043403
0.042987
0.042379
0.043688
0.044960
0.045897
0.046608
0.046819
0.021570
0.024200
0.027850
0.028239
0.027344
0.025505
0.023842
0.022394
0.022875
0.025031
0.017736
0.017428
0.018852
0.018865
0.018876
0.019040
0.019044
0.019633
0.021950
0.025703
0.042243
0.042949
0.044574
0.045909
0.047320
0.048389
0.048854
0.049151
0.049897
0.050616
0.022857
0.022970
0.024408
0.023030
0.022494
0.022298
0.024636
0.026785
0.028463
0.029298
0.017377
0.023887
0.027721
0.027471
0.024782
0.023337
0.022308
0.024039
0.028484
0.031791
0.019755
0.018633
0.020005
0.021083
0.022408
0.023797
0.025354
0.027305
0.030080
0.034192
0.031060
0.030323
0.032676
0.034098
0.034940
0.035372
0.035516
0.036150
0.037348
0.038011
0.043207
0.041915
0.043333
0.044262
0.044868
0.045742
0.046779
0.047759
0.048691
0.049600
0.015194
0.017839
0.020402
0.019883
0.017523
0.017491
0.018539
0.019928
0.021732
0.023342
0.016310
0.016434
0.017894
0.018806
0.020900
0.023749
0.026574
0.028399
0.028587
0.026786
0.021490
0.019051
0.019296
0.019841
0.020827
0.024951
0.029888
0.034046
0.036855
0.037681
0.020473
0.024172
0.028848
0.030383
0.030765
0.030062
0.029421
0.030179
0.030859
0.031988
